0 0.21754807692307693 0.3762019230769231 0.14903846153846154 0.028846153846153848
0 0.03125 0.38221153846153844 0.0625 0.0625
0 0.21514423076923078 0.39903846153846156 0.18028846153846154 0.03365384615384615
0 0.0625 0.39783653846153844 0.125 0.036057692307692304
0 0.8557692307692307 0.23677884615384615 0.28365384615384615 0.2668269230769231
0 0.6502403846153846 0.3161057692307692 0.21153846153846154 0.15625
0 0.1658653846153846 0.7199519230769231 0.3317307692307692 0.19951923076923078
0 0.35336538461538464 0.8197115384615384 0.10576923076923077 0.27884615384615385
0 0.17548076923076922 0.8978365384615384 0.35096153846153844 0.19951923076923078
0 0.703125 0.6069711538461539 0.5889423076923077 0.37740384615384615
0 0.703125 0.8533653846153846 0.5889423076923077 0.28846153846153844