0 0.36177884615384615 0.14302884615384615 0.5072115384615384 0.19951923076923078
0 0.26802884615384615 0.3245192307692308 0.5360576923076923 0.32211538461538464
0 0.8076923076923077 0.20072115384615385 0.3798076923076923 0.4014423076923077
0 0.39903846153846156 0.5336538461538461 0.30288461538461536 0.09134615384615384
0 0.21754807692307693 0.6790865384615384 0.43509615384615385 0.38221153846153844
0 0.8076923076923077 0.6899038461538461 0.3798076923076923 0.1778846153846154
0 0.8076923076923077 0.8329326923076923 0.3798076923076923 0.29086538461538464
0 0.7956730769230769 0.8798076923076923 0.3557692307692308 0.23557692307692307
0 0.8365384615384616 0.49399038461538464 0.052884615384615384 0.01201923076923077
0 0.9278846153846154 0.5216346153846154 0.14182692307692307 0.06490384615384616
0 0.8389423076923077 0.5360576923076923 0.04807692307692308 0.04807692307692308
0 0.8713942307692307 0.5673076923076923 0.04807692307692308 0.04326923076923077