0 0.4963942307692308 0.040865384615384616 0.15625 0.08173076923076923
0 0.6394230769230769 0.02403846153846154 0.24519230769230768 0.04807692307692308
0 0.9254807692307693 0.037259615384615384 0.14423076923076922 0.07451923076923077
0 0.47716346153846156 0.07572115384615384 0.11778846153846154 0.06490384615384616
0 0.4963942307692308 0.11298076923076923 0.15625 0.08653846153846154
0 0.7896634615384616 0.14543269230769232 0.41586538461538464 0.2668269230769231
0 0.5528846153846154 0.18629807692307693 0.2692307692307692 0.1658653846153846
0 0.5769230769230769 0.31009615384615385 0.3173076923076923 0.1875
0 0.9338942307692307 0.28725961538461536 0.12740384615384615 0.14182692307692307
0 0.2127403846153846 0.6430288461538461 0.40625 0.36778846153846156
0 0.8161057692307693 0.5805288461538461 0.3629807692307692 0.24278846153846154
0 0.5673076923076923 0.7427884615384616 0.2980769230769231 0.2644230769230769
0 0.7896634615384616 0.8221153846153846 0.41586538461538464 0.35096153846153844