0 0.27884615384615385 0.3269230769230769 0.2620192307692308 0.08173076923076923
0 0.4879807692307692 0.3173076923076923 0.1778846153846154 0.1346153846153846
0 0.20432692307692307 0.43149038461538464 0.40865384615384615 0.2091346153846154
0 0.4807692307692308 0.41225961538461536 0.19230769230769232 0.15144230769230768
0 0.1346153846153846 0.5288461538461539 0.2692307692307692 0.11538461538461539
0 0.47115384615384615 0.5324519230769231 0.21153846153846154 0.18990384615384615
0 0.1658653846153846 0.6177884615384616 0.3317307692307692 0.11538461538461539
0 0.45552884615384615 0.6177884615384616 0.24278846153846154 0.11538461538461539
0 0.9435096153846154 0.22596153846153846 0.10817307692307693 0.375
0 0.7884615384615384 0.3918269230769231 0.4182692307692308 0.5432692307692307
0 0.25841346153846156 0.8377403846153846 0.5168269230769231 0.31971153846153844
0 0.7884615384615384 0.8221153846153846 0.4182692307692308 0.28846153846153844