0 0.2644230769230769 0.16826923076923078 0.5288461538461539 0.33653846153846156
0 0.7680288461538461 0.15384615384615385 0.45913461538461536 0.2548076923076923
0 0.609375 0.19591346153846154 0.14182692307692307 0.19471153846153846
0 0.8040865384615384 0.22716346153846154 0.3870192307692308 0.21875
0 0.7163461538461539 0.2920673076923077 0.3557692307692308 0.0889423076923077
0 0.2956730769230769 0.7487980769230769 0.4807692307692308 0.49759615384615385
0 0.06370192307692307 0.6995192307692307 0.12740384615384615 0.5961538461538461
0 0.39302884615384615 0.45072115384615385 0.2860576923076923 0.22355769230769232
0 0.9038461538461539 0.6766826923076923 0.1875 0.055288461538461536
0 0.6286057692307693 0.6418269230769231 0.18028846153846154 0.052884615384615384
0 0.9146634615384616 0.7319711538461539 0.1658653846153846 0.06971153846153846
0 0.6033653846153846 0.7163461538461539 0.12980769230769232 0.11057692307692307
0 0.8966346153846154 0.7764423076923077 0.20192307692307693 0.0625
0 0.9170673076923077 0.8389423076923077 0.16105769230769232 0.0625
0 0.6466346153846154 0.8016826923076923 0.21634615384615385 0.07451923076923077
0 0.8954326923076923 0.8870192307692307 0.20432692307692307 0.07692307692307693