0 0.18870192307692307 0.28365384615384615 0.37740384615384615 0.3269230769230769
0 0.18870192307692307 0.11177884615384616 0.37740384615384615 0.22355769230769232
0 0.6081730769230769 0.009615384615384616 0.3269230769230769 0.019230769230769232
0 0.8533653846153846 0.04326923076923077 0.28846153846153844 0.08653846153846154
0 0.6538461538461539 0.08052884615384616 0.5480769230769231 0.16105769230769232
0 0.5901442307692307 0.2512019230769231 0.37740384615384615 0.1346153846153846
0 0.6622596153846154 0.3401442307692308 0.5649038461538461 0.18509615384615385
0 0.25961538461538464 0.8401442307692307 0.23557692307692307 0.15625
0 0.7584134615384616 0.5913461538461539 0.07692307692307693 0.040865384615384616
0 0.8473557692307693 0.5949519230769231 0.1346153846153846 0.038461538461538464
0 0.6574519230769231 0.6213942307692307 0.14182692307692307 0.038461538461538464
0 0.8605769230769231 0.6213942307692307 0.11538461538461539 0.026442307692307692
0 0.8413461538461539 0.6466346153846154 0.13701923076923078 0.03125
0 0.6454326923076923 0.6538461538461539 0.1201923076923077 0.038461538461538464