0 0.14783653846153846 0.0625 0.2956730769230769 0.125
0 0.14783653846153846 0.13942307692307693 0.2956730769230769 0.16826923076923078
0 0.08052884615384616 0.23557692307692307 0.16105769230769232 0.14423076923076922
0 0.22596153846153846 0.26322115384615385 0.13942307692307693 0.15625
0 0.0985576923076923 0.33653846153846156 0.1971153846153846 0.08653846153846154
0 0.07932692307692307 0.38221153846153844 0.15865384615384615 0.0673076923076923
0 0.8137019230769231 0.04927884615384615 0.36778846153846156 0.0985576923076923
0 0.1778846153846154 0.5817307692307693 0.23557692307692307 0.21153846153846154
0 0.14783653846153846 0.6887019230769231 0.2956730769230769 0.17067307692307693
0 0.14783653846153846 0.8233173076923077 0.2956730769230769 0.15144230769230768
0 0.1201923076923077 0.4831730769230769 0.2403846153846154 0.12980769230769232
0 0.3858173076923077 0.5901442307692307 0.17548076923076922 0.18028846153846154
0 0.7235576923076923 0.6694711538461539 0.5480769230769231 0.4014423076923077
0 0.4987980769230769 0.71875 0.4014423076923077 0.22596153846153846
0 0.5516826923076923 0.8930288461538461 0.5072115384615384 0.2091346153846154