0 0.28125 0.13221153846153846 0.4519230769230769 0.2644230769230769
0 0.2536057692307692 0.3701923076923077 0.5072115384615384 0.3125
0 0.9675480769230769 0.11778846153846154 0.06009615384615385 0.10576923076923077
0 0.6454326923076923 0.16826923076923078 0.27163461538461536 0.14903846153846154
0 0.8581730769230769 0.15264423076923078 0.21394230769230768 0.11298076923076923
0 0.8882211538461539 0.21875 0.21875 0.09615384615384616
0 0.6598557692307693 0.24759615384615385 0.3004807692307692 0.10096153846153846
0 0.6706730769230769 0.30288461538461536 0.24278846153846154 0.09134615384615384
0 0.8978365384615384 0.2848557692307692 0.19951923076923078 0.0985576923076923
0 0.5336538461538461 0.3425480769230769 0.04807692307692308 0.055288461538461536
0 0.6983173076923077 0.3545673076923077 0.2860576923076923 0.07692307692307693
0 0.9074519230769231 0.34375 0.18028846153846154 0.09134615384615384
0 0.5300480769230769 0.3894230769230769 0.040865384615384616 0.07211538461538461
0 0.6862980769230769 0.4170673076923077 0.2644230769230769 0.09375
0 0.9098557692307693 0.40384615384615385 0.17548076923076922 0.1201923076923077
0 0.5444711538461539 0.4519230769230769 0.06971153846153846 0.07692307692307693
0 0.6778846153846154 0.5108173076923077 0.2980769230769231 0.03125
0 0.2536057692307692 0.6911057692307693 0.5072115384615384 0.3245192307692308
0 0.2536057692307692 0.8497596153846154 0.5072115384615384 0.28125
0 0.7536057692307693 0.7632211538461539 0.4879807692307692 0.46875