0 0.3629807692307692 0.09254807692307693 0.38461538461538464 0.17548076923076922
0 0.10576923076923077 0.14903846153846154 0.21153846153846154 0.15865384615384615
0 0.03485576923076923 0.25240384615384615 0.06971153846153846 0.1201923076923077
0 0.16105769230769232 0.22235576923076922 0.21634615384615385 0.10336538461538461
0 0.41346153846153844 0.18990384615384615 0.28365384615384615 0.11538461538461539
0 0.12980769230769232 0.296875 0.25961538461538464 0.10336538461538461
0 0.40384615384615385 0.25240384615384615 0.30288461538461536 0.11057692307692307
0 0.4110576923076923 0.3425480769230769 0.28846153846153844 0.17067307692307693
0 0.15264423076923078 0.3798076923076923 0.30528846153846156 0.1346153846153846
0 0.2776442307692308 0.39663461538461536 0.5552884615384616 0.10096153846153846
0 0.8257211538461539 0.27524038461538464 0.34375 0.34375
0 0.359375 0.7487980769230769 0.3918269230769231 0.49759615384615385
0 0.36658653846153844 0.5144230769230769 0.37740384615384615 0.12980769230769232
0 0.7776442307692307 0.84375 0.43990384615384615 0.3076923076923077
0 0.7776442307692307 0.6634615384615384 0.43990384615384615 0.42788461538461536