0 0.25600961538461536 0.46033653846153844 0.5120192307692307 0.31009615384615385
0 0.5865384615384616 0.08774038461538461 0.1778846153846154 0.1658653846153846
0 0.9146634615384616 0.2512019230769231 0.1658653846153846 0.3485576923076923
0 0.8377403846153846 0.45913461538461536 0.31971153846153844 0.3125
0 0.8100961538461539 0.08413461538461539 0.2644230769230769 0.16826923076923078
0 0.2608173076923077 0.7992788461538461 0.4807692307692308 0.19951923076923078
0 0.5492788461538461 0.8401442307692307 0.23557692307692307 0.16105769230769232
0 0.06009615384615385 0.7848557692307693 0.1201923076923077 0.2283653846153846
0 0.36899038461538464 0.9050480769230769 0.23557692307692307 0.10096153846153846
0 0.12740384615384615 0.8954326923076923 0.2548076923076923 0.16105769230769232
0 0.17548076923076922 0.9615384615384616 0.22596153846153846 0.07211538461538461
0 0.7788461538461539 0.6814903846153846 0.20192307692307693 0.07932692307692307
0 0.9651442307692307 0.7307692307692307 0.06490384615384616 0.09134615384615384