0 0.07932692307692307 0.2824519230769231 0.15865384615384615 0.30528846153846156
0 0.4050480769230769 0.29447115384615385 0.44471153846153844 0.30528846153846156
0 0.2512019230769231 0.3449519230769231 0.21634615384615385 0.1875
0 0.10817307692307693 0.375 0.21634615384615385 0.14423076923076922
0 0.3137019230769231 0.6706730769230769 0.6274038461538461 0.4423076923076923
0 0.3137019230769231 0.8497596153846154 0.6274038461538461 0.2956730769230769
0 0.8137019230769231 0.8377403846153846 0.36778846153846156 0.31971153846153844
0 0.7319711538461539 0.45552884615384615 0.17067307692307693 0.01201923076923077
0 0.8353365384615384 0.4639423076923077 0.12259615384615384 0.028846153846153848
0 0.7091346153846154 0.47475961538461536 0.14903846153846154 0.05048076923076923
0 0.8641826923076923 0.4795673076923077 0.11538461538461539 0.04326923076923077