0 0.24519230769230768 0.33052884615384615 0.4423076923076923 0.3918269230769231
0 0.6105769230769231 0.16947115384615385 0.28365384615384615 0.3389423076923077
0 0.8317307692307693 0.3449519230769231 0.3317307692307692 0.3629807692307692
0 0.6177884615384616 0.39302884615384615 0.2980769230769231 0.2668269230769231
0 0.10096153846153846 0.5540865384615384 0.1875 0.05048076923076923
0 0.17067307692307693 0.6538461538461539 0.34134615384615385 0.2403846153846154
0 0.36778846153846156 0.6622596153846154 0.1971153846153846 0.2668269230769231
0 0.23317307692307693 0.8449519230769231 0.46634615384615385 0.30528846153846156
0 0.7199519230769231 0.6117788461538461 0.5024038461538461 0.1658653846153846
0 0.9038461538461539 0.6310096153846154 0.1875 0.20432692307692307
0 0.6550480769230769 0.71875 0.37259615384615385 0.21634615384615385