0 0.1814903846153846 0.265625 0.3629807692307692 0.3389423076923077
0 0.22596153846153846 0.4987980769230769 0.375 0.11298076923076923
0 0.5480769230769231 0.3581730769230769 0.25961538461538464 0.3942307692307692
0 0.8317307692307693 0.3629807692307692 0.3317307692307692 0.38461538461538464
0 0.06610576923076923 0.7427884615384616 0.13221153846153846 0.0625
0 0.020432692307692308 0.765625 0.040865384615384616 0.040865384615384616
0 0.28365384615384615 0.7752403846153846 0.18509615384615385 0.0625
0 0.1141826923076923 0.7764423076923077 0.16826923076923078 0.0625
0 0.04326923076923077 0.8004807692307693 0.08653846153846154 0.04807692307692308
0 0.33653846153846156 0.8149038461538461 0.1201923076923077 0.0625
0 0.046875 0.8341346153846154 0.09375 0.03365384615384615
0 0.3173076923076923 0.8449519230769231 0.09615384615384616 0.03125
0 0.05048076923076923 0.8569711538461539 0.10096153846153846 0.03125
0 0.33533653846153844 0.8713942307692307 0.11298076923076923 0.03125
0 0.3713942307692308 0.9086538461538461 0.0889423076923077 0.11538461538461539
0 0.31009615384615385 0.9074519230769231 0.14182692307692307 0.0625
0 0.25841346153846156 0.9579326923076923 0.19951923076923078 0.04807692307692308
0 0.6706730769230769 0.7199519230769231 0.5048076923076923 0.3245192307692308