0 0.08173076923076923 0.19471153846153846 0.15625 0.31490384615384615
0 0.20072115384615385 0.26802884615384615 0.2091346153846154 0.43509615384615385
0 0.4735576923076923 0.09014423076923077 0.3076923076923077 0.18028846153846154
0 0.7560096153846154 0.21033653846153846 0.4831730769230769 0.4206730769230769
0 0.2536057692307692 0.5961538461538461 0.10336538461538461 0.21634615384615385
0 0.14903846153846154 0.8497596153846154 0.2980769230769231 0.2956730769230769
0 0.05889423076923077 0.5336538461538461 0.11778846153846154 0.09134615384615384
0 0.703125 0.5456730769230769 0.28125 0.06490384615384616
0 0.9651442307692307 0.5661057692307693 0.06490384615384616 0.12740384615384615
0 0.6322115384615384 0.7800480769230769 0.6490384615384616 0.4110576923076923
0 0.8918269230769231 0.5360576923076923 0.09134615384615384 0.0889423076923077