0 0.24158653846153846 0.013221153846153846 0.31490384615384615 0.026442307692307692
0 0.5300480769230769 0.014423076923076924 0.29086538461538464 0.028846153846153848
0 0.046875 0.02283653846153846 0.08413461538461539 0.04567307692307692
0 0.25961538461538464 0.04927884615384615 0.25240384615384615 0.0673076923076923
0 0.5252403846153846 0.055288461538461536 0.27403846153846156 0.057692307692307696
0 0.06490384615384616 0.06370192307692307 0.12980769230769232 0.04567307692307692
0 0.2692307692307692 0.10216346153846154 0.28365384615384615 0.0625
0 0.5384615384615384 0.1141826923076923 0.27403846153846156 0.06490384615384616
0 0.06610576923076923 0.1201923076923077 0.13221153846153846 0.07211538461538461
0 0.25961538461538464 0.16105769230769232 0.27884615384615385 0.08173076923076923
0 0.0733173076923077 0.17427884615384615 0.1466346153846154 0.04567307692307692
0 0.5300480769230769 0.18028846153846154 0.29086538461538464 0.08173076923076923
0 0.24519230769230768 0.22596153846153846 0.2956730769230769 0.07211538461538461
0 0.49759615384615385 0.22956730769230768 0.23798076923076922 0.0673076923076923
0 0.6442307692307693 0.25 0.0625 0.0673076923076923
0 0.5144230769230769 0.27403846153846156 0.2403846153846154 0.040865384615384616
0 0.2536057692307692 0.27403846153846156 0.25961538461538464 0.052884615384615384
0 0.14302884615384615 0.328125 0.2860576923076923 0.1658653846153846
0 0.8377403846153846 0.24158653846153846 0.31971153846153844 0.4831730769230769
0 0.5120192307692307 0.6358173076923077 0.3269230769230769 0.13221153846153846
0 0.17908653846153846 0.6370192307692307 0.3581730769230769 0.09615384615384616
0 0.0985576923076923 0.7391826923076923 0.1971153846153846 0.1466346153846154
0 0.4326923076923077 0.7427884615384616 0.4807692307692308 0.12740384615384615
0 0.47716346153846156 0.8665865384615384 0.39663461538461536 0.10336538461538461
0 0.14182692307692307 0.8713942307692307 0.28365384615384615 0.12259615384615384
0 0.8870192307692307 0.6298076923076923 0.22115384615384615 0.1201923076923077
0 0.7848557692307693 0.7836538461538461 0.21394230769230768 0.34615384615384615
0 0.9471153846153846 0.8064903846153846 0.10096153846153846 0.36778846153846156