0 0.07572115384615384 0.07692307692307693 0.15144230769230768 0.0625
0 0.030048076923076924 0.09975961538461539 0.06009615384615385 0.040865384615384616
0 0.30288461538461536 0.109375 0.18509615384615385 0.0625
0 0.13341346153846154 0.11057692307692307 0.16826923076923078 0.0625
0 0.054086538461538464 0.1346153846153846 0.10096153846153846 0.04567307692307692
0 0.3557692307692308 0.14903846153846154 0.1201923076923077 0.0625
0 0.056490384615384616 0.16826923076923078 0.11057692307692307 0.03125
0 0.33653846153846156 0.17908653846153846 0.09615384615384616 0.03125
0 0.06009615384615385 0.19110576923076922 0.1201923076923077 0.03125
0 0.3545673076923077 0.20552884615384615 0.11298076923076923 0.03125
0 0.3858173076923077 0.24278846153846154 0.07932692307692307 0.11538461538461539
0 0.3293269230769231 0.24158653846153846 0.14182692307692307 0.0625
0 0.2776442307692308 0.2920673076923077 0.19951923076923078 0.04807692307692308
0 0.7127403846153846 0.20192307692307693 0.5697115384615384 0.40384615384615385
0 0.09975961538461539 0.5276442307692307 0.19951923076923078 0.03125
0 0.09495192307692307 0.5889423076923077 0.18990384615384615 0.08173076923076923
0 0.20072115384615385 0.7427884615384616 0.28846153846153844 0.2548076923076923
0 0.7403846153846154 0.49399038461538464 0.46153846153846156 0.0889423076923077
0 0.7175480769230769 0.7247596153846154 0.5600961538461539 0.38221153846153844