0 0.296875 0.037259615384615384 0.5168269230769231 0.07451923076923077
0 0.1814903846153846 0.1346153846153846 0.3629807692307692 0.20673076923076922
0 0.44591346153846156 0.1346153846153846 0.24278846153846154 0.23076923076923078
0 0.15985576923076922 0.2764423076923077 0.31971153846153844 0.3125
0 0.44711538461538464 0.2704326923076923 0.2403846153846154 0.1658653846153846
0 0.42908653846153844 0.39903846153846156 0.2764423076923077 0.21153846153846154
0 0.13341346153846154 0.46033653846153844 0.2668269230769231 0.15144230769230768
0 0.1814903846153846 0.5108173076923077 0.3629807692307692 0.06971153846153846
0 0.7836538461538461 0.27283653846153844 0.42788461538461536 0.5456730769230769
0 0.3161057692307692 0.6213942307692307 0.5024038461538461 0.1466346153846154
0 0.2860576923076923 0.8137019230769231 0.5625 0.36778846153846156
0 0.7439903846153846 0.5793269230769231 0.18028846153846154 0.0625
0 0.6682692307692307 0.6033653846153846 0.1466346153846154 0.04326923076923077
0 0.9447115384615384 0.5925480769230769 0.10576923076923077 0.06971153846153846
0 0.8173076923076923 0.6045673076923077 0.17067307692307693 0.06971153846153846
0 0.7403846153846154 0.6334134615384616 0.10096153846153846 0.04807692307692308
0 0.640625 0.6454326923076923 0.14182692307692307 0.06971153846153846
0 0.6586538461538461 0.671875 0.07692307692307693 0.04326923076923077
0 0.7451923076923077 0.6670673076923077 0.11057692307692307 0.03365384615384615
0 0.9867788461538461 0.6598557692307693 0.021634615384615384 0.036057692307692304
0 0.6021634615384616 0.6923076923076923 0.06490384615384616 0.0673076923076923
0 0.7475961538461539 0.6899038461538461 0.125 0.03365384615384615
0 0.6274038461538461 0.703125 0.11538461538461539 0.04326923076923077
0 0.6442307692307693 0.7259615384615384 0.10576923076923077 0.04807692307692308
0 0.9735576923076923 0.7223557692307693 0.04807692307692308 0.06971153846153846
0 0.5913461538461539 0.7524038461538461 0.04326923076923077 0.057692307692307696
0 0.9350961538461539 0.7764423076923077 0.125 0.057692307692307696