0 0.27403846153846156 0.037259615384615384 0.44711538461538464 0.07451923076923077
0 0.19110576923076922 0.078125 0.38221153846153844 0.11298076923076923
0 0.19230769230769232 0.14903846153846154 0.38461538461538464 0.10096153846153846
0 0.19591346153846154 0.24519230769230768 0.27163461538461536 0.12259615384615384
0 0.46274038461538464 0.3137019230769231 0.10817307692307693 0.10336538461538461
0 0.7584134615384616 0.2776442307692308 0.47836538461538464 0.5552884615384616
0 0.3112980769230769 0.6850961538461539 0.31971153846153844 0.2548076923076923
0 0.0829326923076923 0.7608173076923077 0.1658653846153846 0.40625
0 0.7584134615384616 0.6237980769230769 0.47836538461538464 0.13221153846153846
0 0.7584134615384616 0.734375 0.47836538461538464 0.13221153846153846
0 0.8137019230769231 0.7896634615384616 0.36778846153846156 0.08413461538461539
0 0.7836538461538461 0.8737980769230769 0.42788461538461536 0.12740384615384615