0 0.07572115384615384 0.17668269230769232 0.15144230769230768 0.18028846153846154
0 0.27163461538461536 0.19110576923076922 0.28846153846153844 0.27163461538461536
0 0.18870192307692307 0.25961538461538464 0.37740384615384615 0.1346153846153846
0 0.6045673076923077 0.11778846153846154 0.28365384615384615 0.07932692307692307
0 0.9134615384615384 0.15745192307692307 0.16826923076923078 0.14182692307692307
0 0.9411057692307693 0.24158653846153846 0.11298076923076923 0.11778846153846154
0 0.6370192307692307 0.2247596153846154 0.4375 0.20432692307692307
0 0.7932692307692307 0.11658653846153846 0.09615384615384616 0.09375
0 0.25721153846153844 0.5168269230769231 0.1778846153846154 0.06490384615384616
0 0.0985576923076923 0.546875 0.1971153846153846 0.17548076923076922
0 0.25721153846153844 0.5901442307692307 0.3173076923076923 0.12740384615384615
0 0.5829326923076923 0.47596153846153844 0.3293269230769231 0.2932692307692308
0 0.8425480769230769 0.5324519230769231 0.31009615384615385 0.3389423076923077
0 0.5396634615384616 0.6009615384615384 0.24278846153846154 0.23557692307692307