0 0.1778846153846154 0.23677884615384615 0.3557692307692308 0.4014423076923077
0 0.5865384615384616 0.17427884615384615 0.4567307692307692 0.3485576923076923
0 0.8653846153846154 0.12740384615384615 0.2644230769230769 0.2548076923076923
0 0.20432692307692307 0.6418269230769231 0.23798076923076922 0.30528846153846156
0 0.06610576923076923 0.7692307692307693 0.13221153846153846 0.4567307692307692
0 0.1778846153846154 0.9326923076923077 0.3557692307692308 0.12980769230769232
0 0.41947115384615385 0.5024038461538461 0.12259615384615384 0.10576923076923077
0 0.5721153846153846 0.48677884615384615 0.21634615384615385 0.07451923076923077
0 0.8401442307692307 0.4735576923076923 0.31490384615384615 0.04807692307692308
0 0.5132211538461539 0.5456730769230769 0.31009615384615385 0.09615384615384616
0 0.8305288461538461 0.5084134615384616 0.33413461538461536 0.10336538461538461
0 0.3954326923076923 0.6502403846153846 0.07451923076923077 0.13221153846153846
0 0.8365384615384616 0.5973557692307693 0.32211538461538464 0.1658653846153846
0 0.5348557692307693 0.6358173076923077 0.35336538461538464 0.1466346153846154
0 0.7007211538461539 0.7463942307692307 0.59375 0.2860576923076923
0 0.4050480769230769 0.7956730769230769 0.09375 0.25961538461538464