0 0.18509615384615385 0.3545673076923077 0.3605769230769231 0.10336538461538461
0 0.20432692307692307 0.18870192307692307 0.32211538461538464 0.37740384615384615
0 0.8112980769230769 0.020432692307692308 0.37259615384615385 0.040865384615384616
0 0.9194711538461539 0.05889423076923077 0.15625 0.11778846153846154
0 0.5985576923076923 0.052884615384615384 0.46153846153846156 0.10576923076923077
0 0.9663461538461539 0.13581730769230768 0.0625 0.08413461538461539
0 0.8221153846153846 0.14903846153846154 0.2860576923076923 0.11778846153846154
0 0.5264423076923077 0.1201923076923077 0.3173076923076923 0.15384615384615385
0 0.16947115384615385 0.7259615384615384 0.3389423076923077 0.20673076923076922
0 0.040865384615384616 0.9254807692307693 0.08173076923076923 0.14423076923076922
0 0.6826923076923077 0.6598557692307693 0.6298076923076923 0.5024038461538461
0 0.6045673076923077 0.7908653846153846 0.4735576923076923 0.41346153846153844