0 0.054086538461538464 0.21875 0.10817307692307693 0.4375
0 0.2127403846153846 0.2980769230769231 0.3293269230769231 0.4519230769230769
0 0.7824519230769231 0.23197115384615385 0.43028846153846156 0.21875
0 0.48677884615384615 0.30288461538461536 0.21394230769230768 0.14903846153846154
0 0.41346153846153844 0.41225961538461536 0.0673076923076923 0.18028846153846154
0 0.671875 0.37259615384615385 0.49038461538461536 0.1778846153846154
0 0.7620192307692307 0.4855769230769231 0.47115384615384615 0.15865384615384615
0 0.46153846153846156 0.5252403846153846 0.16346153846153846 0.14182692307692307
0 0.5564903846153846 0.18629807692307693 0.35336538461538464 0.20432692307692307
0 0.9314903846153846 0.1346153846153846 0.13221153846153846 0.10576923076923077
0 0.18870192307692307 0.7451923076923077 0.37740384615384615 0.21634615384615385
0 0.030048076923076924 0.8653846153846154 0.06009615384615385 0.10096153846153846
0 0.09254807692307693 0.9495192307692307 0.18509615384615385 0.09615384615384616
0 0.6887019230769231 0.6454326923076923 0.6177884615384616 0.09375
0 0.5108173076923077 0.65625 0.2620192307692308 0.11538461538461539
0 0.5913461538461539 0.828125 0.4230769230769231 0.3389423076923077