0 0.359375 0.4411057692307692 0.42788461538461536 0.37740384615384615
0 0.8389423076923077 0.15745192307692307 0.3173076923076923 0.31490384615384615
0 0.8317307692307693 0.4110576923076923 0.3317307692307692 0.25
0 0.2512019230769231 0.703125 0.28125 0.10817307692307693
0 0.4807692307692308 0.6862980769230769 0.21634615384615385 0.07451923076923077
0 0.04807692307692308 0.7331730769230769 0.08653846153846154 0.06009615384615385
0 0.2439903846153846 0.7704326923076923 0.31490384615384615 0.08413461538461539
0 0.5204326923076923 0.7524038461538461 0.27163461538461536 0.09134615384615384
0 0.05048076923076923 0.7992788461538461 0.08413461538461539 0.07692307692307693
0 0.265625 0.8257211538461539 0.25721153846153844 0.08413461538461539
0 0.5240384615384616 0.8149038461538461 0.2644230769230769 0.07692307692307693
0 0.06850961538461539 0.8545673076923077 0.1346153846153846 0.052884615384615384
0 0.27884615384615385 0.8774038461538461 0.2860576923076923 0.08173076923076923
0 0.5324519230769231 0.8701923076923077 0.24759615384615385 0.08653846153846154
0 0.07211538461538461 0.9110576923076923 0.14423076923076922 0.08173076923076923
0 0.27283653846153844 0.9375 0.28365384615384615 0.10096153846153846
0 0.08173076923076923 0.9639423076923077 0.16346153846153846 0.057692307692307696
0 0.5264423076923077 0.9387019230769231 0.25961538461538464 0.10336538461538461
0 0.2644230769230769 0.9771634615384616 0.30288461538461536 0.040865384615384616
0 0.5168269230769231 0.9723557692307693 0.24519230769230768 0.05048076923076923
0 0.06370192307692307 0.6766826923076923 0.12740384615384615 0.055288461538461536