0 0.22716346153846154 0.2536057692307692 0.4206730769230769 0.5072115384615384
0 0.7223557692307693 0.23557692307692307 0.5504807692307693 0.47115384615384615
0 0.5625 0.20673076923076922 0.24519230769230768 0.40865384615384615
0 0.3918269230769231 0.78125 0.09134615384615384 0.0673076923076923
0 0.11538461538461539 0.8100961538461539 0.23076923076923078 0.057692307692307696
0 0.3894230769230769 0.8605769230769231 0.09615384615384616 0.0673076923076923
0 0.13221153846153846 0.8798076923076923 0.2644230769230769 0.0673076923076923
0 0.13221153846153846 0.9651442307692307 0.2644230769230769 0.06009615384615385
0 0.15264423076923078 0.9807692307692307 0.30528846153846156 0.03365384615384615
0 0.1310096153846154 0.7223557692307693 0.2620192307692308 0.06971153846153846
0 0.7872596153846154 0.7536057692307693 0.4206730769230769 0.4879807692307692