0 0.39663461538461536 0.19471153846153846 0.25961538461538464 0.09134615384615384
0 0.17067307692307693 0.19591346153846154 0.19230769230769232 0.0985576923076923
0 0.04567307692307692 0.19230769230769232 0.09134615384615384 0.09134615384615384
0 0.390625 0.24639423076923078 0.27163461538461536 0.09375
0 0.12740384615384615 0.2512019230769231 0.2548076923076923 0.07451923076923077
0 0.41947115384615385 0.3161057692307692 0.21394230769230768 0.11298076923076923
0 0.03125 0.32211538461538464 0.0625 0.11057692307692307
0 0.1658653846153846 0.33774038461538464 0.3004807692307692 0.10576923076923077
0 0.32091346153846156 0.4098557692307692 0.4110576923076923 0.15144230769230768
0 0.06009615384615385 0.41225961538461536 0.1201923076923077 0.1466346153846154
0 0.33653846153846156 0.09975961538461539 0.3798076923076923 0.14182692307692307
0 0.1045673076923077 0.1045673076923077 0.2091346153846154 0.12259615384615384
0 0.6370192307692307 0.2932692307692308 0.21634615384615385 0.14423076923076922
0 0.8112980769230769 0.3088942307692308 0.2403846153846154 0.09134615384615384
0 0.6141826923076923 0.35697115384615385 0.17067307692307693 0.06009615384615385
0 0.6310096153846154 0.39903846153846156 0.20432692307692307 0.08173076923076923
0 0.8665865384615384 0.41586538461538464 0.2620192307692308 0.13942307692307693
0 0.6826923076923077 0.4411057692307692 0.3076923076923077 0.0889423076923077
0 0.6382211538461539 0.20072115384615385 0.21875 0.12740384615384615
0 0.26322115384615385 0.7427884615384616 0.5264423076923077 0.5096153846153846
0 0.7079326923076923 0.5576923076923077 0.3581730769230769 0.13942307692307693
0 0.8100961538461539 0.7716346153846154 0.375 0.34134615384615385