0 0.3233173076923077 0.17908653846153846 0.1466346153846154 0.11298076923076923
0 0.07211538461538461 0.2644230769230769 0.14423076923076922 0.09615384615384616
0 0.32572115384615385 0.25841346153846156 0.14182692307692307 0.11298076923076923
0 0.09254807692307693 0.3269230769230769 0.18509615384615385 0.09615384615384616
0 0.3329326923076923 0.3389423076923077 0.12740384615384615 0.125
0 0.09615384615384616 0.41586538461538464 0.19230769230769232 0.10096153846153846
0 0.12139423076923077 0.44471153846153844 0.24278846153846154 0.10576923076923077
0 0.3485576923076923 0.4182692307692308 0.09615384615384616 0.11538461538461539
0 0.3293269230769231 0.09735576923076923 0.1346153846153846 0.10817307692307693
0 0.0829326923076923 0.17908653846153846 0.1658653846153846 0.11298076923076923
0 0.8533653846153846 0.24879807692307693 0.28846153846153844 0.4543269230769231
0 0.19230769230769232 0.7884615384615384 0.38461538461538464 0.4182692307692308
0 0.5913461538461539 0.7115384615384616 0.38461538461538464 0.4230769230769231
0 0.8485576923076923 0.7079326923076923 0.2980769230769231 0.41586538461538464
0 0.6826923076923077 0.9158653846153846 0.5528846153846154 0.16346153846153846