0 0.203125 0.203125 0.40625 0.40625
0 0.7139423076923077 0.203125 0.5673076923076923 0.40625
0 0.9302884615384616 0.20432692307692307 0.1346153846153846 0.40384615384615385
0 0.1141826923076923 0.5408653846153846 0.2283653846153846 0.08173076923076923
0 0.2956730769230769 0.5444711538461539 0.1778846153846154 0.055288461538461536
0 0.042067307692307696 0.6177884615384616 0.08413461538461539 0.11538461538461539
0 0.24639423076923078 0.6021634615384616 0.31971153846153844 0.12259615384615384
0 0.09615384615384616 0.6802884615384616 0.19230769230769232 0.07692307692307693
0 0.30288461538461536 0.6670673076923077 0.20673076923076922 0.055288461538461536
0 0.2668269230769231 0.9603365384615384 0.27884615384615385 0.07451923076923077
0 0.7764423076923077 0.6033653846153846 0.39903846153846156 0.2980769230769231
0 0.5 0.6322115384615384 0.18269230769230768 0.3125
0 0.703125 0.8629807692307693 0.5889423076923077 0.2692307692307692