0 0.0625 0.1622596153846154 0.125 0.036057692307692304
0 0.0673076923076923 0.1971153846153846 0.1346153846153846 0.0673076923076923
0 0.22355769230769232 0.23317307692307693 0.13701923076923078 0.055288461538461536
0 0.08774038461538461 0.2403846153846154 0.11298076923076923 0.06971153846153846
0 0.21875 0.2668269230769231 0.12259615384615384 0.036057692307692304
0 0.07211538461538461 0.2692307692307692 0.10096153846153846 0.028846153846153848
0 0.203125 0.28725961538461536 0.09134615384615384 0.03125
0 0.3004807692307692 0.2920673076923077 0.1201923076923077 0.052884615384615384
0 0.08774038461538461 0.296875 0.10817307692307693 0.03365384615384615
0 0.17548076923076922 0.33533653846153844 0.1971153846153846 0.10576923076923077
0 0.06850961538461539 0.33052884615384615 0.13701923076923078 0.06971153846153846
0 0.36778846153846156 0.36778846153846156 0.27884615384615385 0.125
0 0.06009615384615385 0.3762019230769231 0.1201923076923077 0.06971153846153846
0 0.28365384615384615 0.41586538461538464 0.23076923076923078 0.08173076923076923
0 0.7536057692307693 0.2283653846153846 0.4879807692307692 0.4567307692307692
0 0.3473557692307692 0.7992788461538461 0.31971153846153844 0.23798076923076922
0 0.10336538461538461 0.8485576923076923 0.20673076923076922 0.2644230769230769
0 0.36778846153846156 0.9411057692307693 0.27884615384615385 0.11298076923076923
0 0.7560096153846154 0.6213942307692307 0.4831730769230769 0.3245192307692308