0 0.5673076923076923 0.24639423076923078 0.2403846153846154 0.49278846153846156
0 0.3088942307692308 0.22956730769230768 0.5168269230769231 0.45913461538461536
0 0.8305288461538461 0.12740384615384615 0.28125 0.2548076923076923
0 0.8100961538461539 0.34375 0.2403846153846154 0.27884615384615385
0 0.04807692307692308 0.7512019230769231 0.09615384615384616 0.1658653846153846
0 0.33052884615384615 0.8341346153846154 0.4807692307692308 0.16826923076923078
0 0.057692307692307696 0.8930288461538461 0.11538461538461539 0.17067307692307693
0 0.34375 0.9387019230769231 0.6875 0.11778846153846154
0 0.36177884615384615 0.7439903846153846 0.6514423076923077 0.18990384615384615
0 0.8221153846153846 0.8233173076923077 0.2644230769230769 0.3004807692307692
0 0.9519230769230769 0.8557692307692307 0.09134615384615384 0.28365384615384615
0 0.7824519230769231 0.9254807692307693 0.18509615384615385 0.14423076923076922