0 0.37259615384615385 0.4014423076923077 0.10576923076923077 0.25
0 0.46153846153846156 0.1045673076923077 0.0673076923076923 0.06490384615384616
0 0.6274038461538461 0.1045673076923077 0.22596153846153846 0.0625
0 0.8774038461538461 0.1045673076923077 0.2403846153846154 0.06009615384615385
0 0.9038461538461539 0.25600961538461536 0.1875 0.24759615384615385
0 0.6598557692307693 0.2668269230769231 0.40865384615384615 0.24759615384615385
0 0.8569711538461539 0.453125 0.28125 0.1466346153846154
0 0.5588942307692307 0.4567307692307692 0.2620192307692308 0.13942307692307693
0 0.6045673076923077 0.016826923076923076 0.31971153846153844 0.03365384615384615
0 0.8581730769230769 0.040865384615384616 0.27884615384615385 0.07211538461538461
0 0.5552884615384616 0.051682692307692304 0.2548076923076923 0.06009615384615385
0 0.21033653846153846 0.6670673076923077 0.4206730769230769 0.2764423076923077
0 0.7379807692307693 0.6418269230769231 0.5192307692307693 0.22596153846153846
0 0.5492788461538461 0.6862980769230769 0.24278846153846154 0.31490384615384615