0 0.21394230769230768 0.12860576923076922 0.42788461538461536 0.25721153846153844
0 0.5925480769230769 0.13942307692307693 0.2860576923076923 0.1346153846153846
0 0.8329326923076923 0.16706730769230768 0.3293269230769231 0.15144230769230768
0 0.71875 0.22596153846153846 0.17548076923076922 0.07451923076923077
0 0.9026442307692307 0.25841346153846156 0.18990384615384615 0.08413461538461539
0 0.5456730769230769 0.25 0.19230769230769232 0.21634615384615385
0 0.7235576923076923 0.33774038461538464 0.5480769230769231 0.2283653846153846
0 0.5516826923076923 0.43990384615384615 0.20432692307692307 0.09134615384615384
0 0.9543269230769231 0.43990384615384615 0.08653846153846154 0.09134615384615384
0 0.7980769230769231 0.45072115384615385 0.36538461538461536 0.06971153846153846
0 0.28725961538461536 0.6454326923076923 0.31971153846153844 0.31490384615384615
0 0.09014423076923077 0.6706730769230769 0.18028846153846154 0.36538461538461536
0 0.7992788461538461 0.6021634615384616 0.19471153846153846 0.17307692307692307