0 0.4014423076923077 0.33533653846153844 0.7115384615384616 0.25721153846153844
0 0.17427884615384615 0.4543269230769231 0.3485576923076923 0.10576923076923077
0 0.15504807692307693 0.055288461538461536 0.31009615384615385 0.11057692307692307
0 0.19831730769230768 0.17427884615384615 0.39663461538461536 0.22355769230769232
0 0.8822115384615384 0.1875 0.23076923076923078 0.3701923076923077
0 0.8161057692307693 0.25 0.11298076923076923 0.5
0 0.13942307692307693 0.5252403846153846 0.27403846153846156 0.03125
0 0.3701923076923077 0.5192307692307693 0.21153846153846154 0.019230769230769232
0 0.14182692307692307 0.5612980769230769 0.28365384615384615 0.06971153846153846
0 0.41225961538461536 0.5661057692307693 0.28846153846153844 0.07451923076923077
0 0.14182692307692307 0.6165865384615384 0.25240384615384615 0.07211538461538461
0 0.4074519230769231 0.6274038461538461 0.2764423076923077 0.06009615384615385
0 0.15144230769230768 0.6694711538461539 0.28365384615384615 0.0673076923076923
0 0.43028846153846156 0.6850961538461539 0.2956730769230769 0.06971153846153846
0 0.140625 0.7283653846153846 0.27884615384615385 0.0889423076923077
0 0.4098557692307692 0.7524038461538461 0.2932692307692308 0.08653846153846154
0 0.13701923076923078 0.7944711538461539 0.27403846153846156 0.07932692307692307
0 0.37740384615384615 0.8004807692307693 0.23798076923076922 0.07211538461538461
0 0.5673076923076923 0.8245192307692307 0.14903846153846154 0.0673076923076923
0 0.39302884615384615 0.8461538461538461 0.2403846153846154 0.04567307692307692
0 0.13221153846153846 0.8413461538461539 0.2620192307692308 0.055288461538461536
0 0.0829326923076923 0.8918269230769231 0.1658653846153846 0.17307692307692307
0 0.8786057692307693 0.5817307692307693 0.23798076923076922 0.14423076923076922