0 0.1814903846153846 0.04807692307692308 0.31009615384615385 0.09615384615384616
0 0.1778846153846154 0.1466346153846154 0.3557692307692308 0.16826923076923078
0 0.1778846153846154 0.2608173076923077 0.3557692307692308 0.15625
0 0.1778846153846154 0.4266826923076923 0.3557692307692308 0.23798076923076922
0 0.7680288461538461 0.29927884615384615 0.45913461538461536 0.4879807692307692
0 0.5805288461538461 0.3317307692307692 0.44471153846153844 0.40384615384615385
0 0.07572115384615384 0.6286057692307693 0.15144230769230768 0.09375
0 0.33533653846153844 0.6286057692307693 0.040865384615384616 0.0889423076923077
0 0.24759615384615385 0.6370192307692307 0.20673076923076922 0.0985576923076923
0 0.15625 0.6875 0.3125 0.07211538461538461
0 0.3329326923076923 0.6947115384615384 0.04567307692307692 0.07692307692307693
0 0.25600961538461536 0.7331730769230769 0.17067307692307693 0.04807692307692308
0 0.10216346153846154 0.765625 0.20432692307692307 0.07932692307692307
0 0.24759615384615385 0.7956730769230769 0.21634615384615385 0.14423076923076922
0 0.1778846153846154 0.8653846153846154 0.3557692307692308 0.17307692307692307
0 0.16706730769230768 0.5757211538461539 0.33413461538461536 0.055288461538461536
0 0.6826923076923077 0.8930288461538461 0.6298076923076923 0.2091346153846154