0 0.3762019230769231 0.17427884615384615 0.31971153846153844 0.3485576923076923
0 0.8653846153846154 0.15264423076923078 0.2644230769230769 0.27163461538461536
0 0.6790865384615384 0.2439903846153846 0.28125 0.28125
0 0.28365384615384615 0.7319711538461539 0.5048076923076923 0.16105769230769232
0 0.30649038461538464 0.8389423076923077 0.45913461538461536 0.12980769230769232
0 0.3485576923076923 0.9302884615384616 0.375 0.125
0 0.09375 0.9411057692307693 0.1875 0.11298076923076923
0 0.2764423076923077 0.4519230769230769 0.41346153846153844 0.10576923076923077
0 0.052884615384615384 0.4951923076923077 0.10576923076923077 0.10096153846153846
0 0.028846153846153848 0.5985576923076923 0.057692307692307696 0.1346153846153846
0 0.921875 0.5588942307692307 0.15144230769230768 0.24759615384615385
0 0.7295673076923077 0.7223557692307693 0.38221153846153844 0.25721153846153844
0 0.8942307692307693 0.8173076923076923 0.20673076923076922 0.3605769230769231