0 0.10817307692307693 0.10817307692307693 0.21634615384615385 0.21634615384615385
0 0.5072115384615384 0.07091346153846154 0.1971153846153846 0.14182692307692307
0 0.7860576923076923 0.07692307692307693 0.4230769230769231 0.15384615384615385
0 0.8112980769230769 0.19831730769230768 0.37259615384615385 0.09375
0 0.5192307692307693 0.19831730769230768 0.22115384615384615 0.12259615384615384
0 0.7896634615384616 0.2692307692307692 0.41586538461538464 0.052884615384615384
0 0.47836538461538464 0.27403846153846156 0.13942307692307693 0.04326923076923077
0 0.11057692307692307 0.36899038461538464 0.22115384615384615 0.14182692307692307
0 0.12139423076923077 0.703125 0.24278846153846154 0.5408653846153846
0 0.6730769230769231 0.5661057692307693 0.46634615384615385 0.5360576923076923
0 0.9627403846153846 0.5853365384615384 0.06971153846153846 0.5504807692307693