0 0.14302884615384615 0.14423076923076922 0.2860576923076923 0.2644230769230769
0 0.10216346153846154 0.18028846153846154 0.20432692307692307 0.20192307692307693
0 0.20673076923076922 0.23677884615384615 0.15865384615384615 0.25721153846153844
0 0.14302884615384615 0.2980769230769231 0.2860576923076923 0.1346153846153846
0 0.8004807692307693 0.020432692307692308 0.23076923076923078 0.040865384615384616
0 0.6177884615384616 0.039663461538461536 0.19230769230769232 0.07932692307692307
0 0.765625 0.0673076923076923 0.2668269230769231 0.11057692307692307
0 0.8641826923076923 0.23076923076923078 0.2668269230769231 0.2692307692307692
0 0.546875 0.19471153846153846 0.5168269230769231 0.34134615384615385
0 0.2091346153846154 0.5096153846153846 0.15384615384615385 0.28365384615384615
0 0.0673076923076923 0.6862980769230769 0.1346153846153846 0.5360576923076923
0 0.14302884615384615 0.7848557692307693 0.2860576923076923 0.4254807692307692
0 0.6899038461538461 0.6117788461538461 0.2283653846153846 0.057692307692307696
0 0.5072115384615384 0.6237980769230769 0.18990384615384615 0.10817307692307693
0 0.6550480769230769 0.6682692307692307 0.2668269230769231 0.11057692307692307
0 0.7800480769230769 0.8401442307692307 0.3173076923076923 0.2860576923076923
0 0.49158653846153844 0.8112980769230769 0.40625 0.37259615384615385