0 0.265625 0.2548076923076923 0.06009615384615385 0.04326923076923077
0 0.054086538461538464 0.296875 0.10817307692307693 0.036057692307692304
0 0.2644230769230769 0.30649038461538464 0.0625 0.04567307692307692
0 0.2668269230769231 0.35336538461538464 0.057692307692307696 0.038461538461538464
0 0.08533653846153846 0.3485576923076923 0.17067307692307693 0.04807692307692308
0 0.2692307692307692 0.4014423076923077 0.052884615384615384 0.04807692307692308
0 0.0673076923076923 0.3954326923076923 0.1346153846153846 0.040865384615384616
0 0.3485576923076923 0.12860576923076922 0.10096153846153846 0.25721153846153844
0 0.6911057692307693 0.15504807692307693 0.5793269230769231 0.31009615384615385
0 0.6394230769230769 0.33774038461538464 0.6826923076923077 0.17548076923076922
0 0.14783653846153846 0.765625 0.2956730769230769 0.3004807692307692
0 0.8076923076923077 0.6274038461538461 0.3798076923076923 0.39903846153846156
0 0.4675480769230769 0.6634615384615384 0.3389423076923077 0.47115384615384615