0 0.4110576923076923 0.3293269230769231 0.25 0.15384615384615385
0 0.16346153846153846 0.30288461538461536 0.3269230769230769 0.20673076923076922
0 0.5048076923076923 0.15625 0.0625 0.12980769230769232
0 0.16346153846153846 0.17908653846153846 0.3269230769230769 0.1466346153846154
0 0.7680288461538461 0.24158653846153846 0.45913461538461536 0.3293269230769231
0 0.4110576923076923 0.8978365384615384 0.25 0.19951923076923078
0 0.19471153846153846 0.9387019230769231 0.34615384615384615 0.11778846153846154
0 0.8449519230769231 0.4230769230769231 0.30528846153846156 0.028846153846153848
0 0.6165865384615384 0.4362980769230769 0.15625 0.055288461538461536
0 0.8762019230769231 0.46274038461538464 0.24278846153846154 0.10817307692307693
0 0.6502403846153846 0.5084134615384616 0.22355769230769232 0.10336538461538461
0 0.7836538461538461 0.5793269230769231 0.42788461538461536 0.1778846153846154
0 0.6105769230769231 0.734375 0.14423076923076922 0.15625
0 0.8653846153846154 0.7740384615384616 0.2644230769230769 0.2692307692307692
0 0.6875 0.8894230769230769 0.2980769230769231 0.21634615384615385
0 0.8978365384615384 0.9435096153846154 0.19951923076923078 0.10817307692307693