0 0.2283653846153846 0.19230769230769232 0.4567307692307692 0.3125
0 0.2283653846153846 0.3389423076923077 0.4567307692307692 0.23557692307692307
0 0.7283653846153846 0.28365384615384615 0.5384615384615384 0.34615384615384615
0 0.2283653846153846 0.6730769230769231 0.4567307692307692 0.42788461538461536
0 0.21754807692307693 0.8125 0.43509615384615385 0.3701923076923077
0 0.7692307692307693 0.5637019230769231 0.4567307692307692 0.12740384615384615
0 0.5144230769230769 0.5625 0.11057692307692307 0.11538461538461539
0 0.5372596153846154 0.6610576923076923 0.15625 0.08653846153846154
0 0.7836538461538461 0.6658653846153846 0.31490384615384615 0.07932692307692307
0 0.5276442307692307 0.71875 0.13701923076923078 0.0625
0 0.7824519230769231 0.7295673076923077 0.3701923076923077 0.06971153846153846
0 0.78125 0.8197115384615384 0.3581730769230769 0.13221153846153846
0 0.5432692307692307 0.8185096153846154 0.16826923076923078 0.11298076923076923
0 0.7283653846153846 0.9206730769230769 0.5384615384615384 0.15384615384615385