0 0.2608173076923077 0.25240384615384615 0.27884615384615385 0.13221153846153846
0 0.41225961538461536 0.24879807692307693 0.06971153846153846 0.10336538461538461
0 0.06610576923076923 0.2848557692307692 0.13221153846153846 0.08413461538461539
0 0.2620192307692308 0.3329326923076923 0.3269230769230769 0.08173076923076923
0 0.28725961538461536 0.3894230769230769 0.2403846153846154 0.07932692307692307
0 0.08533653846153846 0.41947115384615385 0.17067307692307693 0.04567307692307692
0 0.3088942307692308 0.44350961538461536 0.2764423076923077 0.06490384615384616
0 0.08052884615384616 0.4651442307692308 0.16105769230769232 0.06490384615384616
0 0.2980769230769231 0.4807692307692308 0.2644230769230769 0.03365384615384615
0 0.06971153846153846 0.2127403846153846 0.13942307692307693 0.0889423076923077
0 0.6550480769230769 0.3076923076923077 0.4110576923076923 0.27403846153846156
0 0.7199519230769231 0.14543269230769232 0.5408653846153846 0.29086538461538464
0 0.027644230769230768 0.5228365384615384 0.055288461538461536 0.04567307692307692
0 0.21514423076923078 0.5360576923076923 0.24278846153846154 0.07211538461538461
0 0.39302884615384615 0.5336538461538461 0.10817307692307693 0.0673076923076923
0 0.04567307692307692 0.5612980769230769 0.09134615384615384 0.06009615384615385
0 0.22596153846153846 0.5889423076923077 0.2764423076923077 0.0673076923076923
0 0.4050480769230769 0.5877403846153846 0.08413461538461539 0.06971153846153846
0 0.22355769230769232 0.6466346153846154 0.28846153846153844 0.09375
0 0.41346153846153844 0.6478365384615384 0.0673076923076923 0.09375
0 0.057692307692307696 0.6682692307692307 0.11538461538461539 0.057692307692307696
0 0.20072115384615385 0.7151442307692307 0.2644230769230769 0.06971153846153846
0 0.39302884615384615 0.7091346153846154 0.10817307692307693 0.052884615384615384
0 0.03365384615384615 0.7752403846153846 0.0673076923076923 0.07932692307692307
0 0.21634615384615385 0.7704326923076923 0.30288461538461536 0.05048076923076923
0 0.9254807692307693 0.5925480769230769 0.14423076923076922 0.18509615384615385
0 0.7235576923076923 0.7944711538461539 0.4879807692307692 0.34134615384615385