0 0.16947115384615385 0.2620192307692308 0.3389423076923077 0.5240384615384616
0 0.49158653846153844 0.1622596153846154 0.12740384615384615 0.09375
0 0.6129807692307693 0.21634615384615385 0.18509615384615385 0.09134615384615384
0 0.5024038461538461 0.23197115384615385 0.14903846153846154 0.0889423076923077
0 0.44591346153846156 0.25721153846153844 0.036057692307692304 0.07692307692307693
0 0.5216346153846154 0.3233173076923077 0.1875 0.10336538461538461
0 0.5132211538461539 0.3858173076923077 0.17067307692307693 0.08413461538461539
0 0.4519230769230769 0.3786057692307692 0.04807692307692308 0.0889423076923077
0 0.7668269230769231 0.4675480769230769 0.46153846153846156 0.19951923076923078
0 0.47115384615384615 0.5276442307692307 0.08653846153846154 0.09375
0 0.21995192307692307 0.9459134615384616 0.4110576923076923 0.10336538461538461
0 0.7127403846153846 0.6310096153846154 0.5697115384615384 0.08413461538461539
0 0.4963942307692308 0.7307692307692307 0.13701923076923078 0.28365384615384615
0 0.7692307692307693 0.7860576923076923 0.4567307692307692 0.3798076923076923
0 0.7127403846153846 0.921875 0.5697115384615384 0.15144230769230768