0 0.12620192307692307 0.30408653846153844 0.25240384615384615 0.12740384615384615
0 0.3161057692307692 0.4074519230769231 0.3004807692307692 0.12259615384615384
0 0.09134615384615384 0.5252403846153846 0.18269230769230768 0.18028846153846154
0 0.26322115384615385 0.5324519230769231 0.40625 0.1658653846153846
0 0.11057692307692307 0.1658653846153846 0.22115384615384615 0.16346153846153846
0 0.328125 0.1971153846153846 0.2764423076923077 0.18269230769230768
0 0.5528846153846154 0.3137019230769231 0.16826923076923078 0.07932692307692307
0 0.7175480769230769 0.31971153846153844 0.21634615384615385 0.08653846153846154
0 0.6646634615384616 0.34615384615384615 0.2548076923076923 0.055288461538461536
0 0.90625 0.359375 0.18269230769230768 0.0889423076923077
0 0.6646634615384616 0.42427884615384615 0.3918269230769231 0.13701923076923078
0 0.8918269230769231 0.4723557692307692 0.21153846153846154 0.18028846153846154
0 0.6454326923076923 0.5084134615384616 0.35336538461538464 0.0889423076923077
0 0.8173076923076923 0.5721153846153846 0.3605769230769231 0.08653846153846154
0 0.5625 0.5673076923076923 0.1875 0.09615384615384616
0 0.8473557692307693 0.6033653846153846 0.3004807692307692 0.02403846153846154