0 0.16826923076923078 0.21514423076923078 0.33653846153846156 0.2620192307692308
0 0.19471153846153846 0.10576923076923077 0.28365384615384615 0.21153846153846154
0 0.8173076923076923 0.055288461538461536 0.3605769230769231 0.11057692307692307
0 0.49759615384615385 0.0829326923076923 0.3173076923076923 0.14182692307692307
0 0.7391826923076923 0.15985576923076922 0.5168269230769231 0.11778846153846154
0 0.43149038461538464 0.20432692307692307 0.18509615384615385 0.125
0 0.8389423076923077 0.25240384615384615 0.3173076923076923 0.1346153846153846
0 0.7427884615384616 0.3137019230769231 0.5096153846153846 0.06490384615384616
0 0.3870192307692308 0.039663461538461536 0.09615384615384616 0.07932692307692307
0 0.16826923076923078 0.7127403846153846 0.33653846153846156 0.17548076923076922
0 0.06370192307692307 0.9338942307692307 0.12740384615384615 0.12740384615384615
0 0.59375 0.7103365384615384 0.3581730769230769 0.125
0 0.46875 0.7560096153846154 0.25961538461538464 0.0985576923076923
0 0.7836538461538461 0.7680288461538461 0.3942307692307692 0.1658653846153846
0 0.44350961538461536 0.8521634615384616 0.2091346153846154 0.12740384615384615
0 0.6274038461538461 0.8605769230769231 0.25 0.1466346153846154
0 0.6334134615384616 0.9507211538461539 0.2668269230769231 0.07211538461538461