0 0.2127403846153846 0.08653846153846154 0.4254807692307692 0.17307692307692307
0 0.2283653846153846 0.23677884615384615 0.3942307692307692 0.3389423076923077
0 0.5372596153846154 0.07692307692307693 0.21875 0.15384615384615385
0 0.7860576923076923 0.06610576923076923 0.4230769230769231 0.13221153846153846
0 0.609375 0.17067307692307693 0.21394230769230768 0.125
0 0.5108173076923077 0.21514423076923078 0.1658653846153846 0.13701923076923078
0 0.8557692307692307 0.19831730769230768 0.28365384615384615 0.16105769230769232
0 0.796875 0.2860576923076923 0.4014423076923077 0.23076923076923078
0 0.39903846153846156 0.8137019230769231 0.052884615384615384 0.15144230769230768
0 0.7415865384615384 0.7283653846153846 0.24759615384615385 0.20432692307692307
0 0.8810096153846154 0.8088942307692307 0.23317307692307693 0.37740384615384615
0 0.6634615384615384 0.8762019230769231 0.47115384615384615 0.24278846153846154