0 0.17307692307692307 0.14302884615384615 0.3269230769230769 0.2860576923076923
0 0.16826923076923078 0.21634615384615385 0.33653846153846156 0.13942307692307693
0 0.8858173076923077 0.0625 0.22355769230769232 0.125
0 0.5925480769230769 0.14302884615384615 0.5072115384615384 0.2860576923076923
0 0.18269230769230768 0.4651442307692308 0.23557692307692307 0.08413461538461539
0 0.30408653846153844 0.45913461538461536 0.06490384615384616 0.09615384615384616
0 0.2704326923076923 0.4891826923076923 0.13221153846153846 0.06490384615384616
0 0.19591346153846154 0.5721153846153846 0.28125 0.15384615384615385
0 0.16826923076923078 0.6586538461538461 0.33653846153846156 0.10576923076923077
0 0.19230769230769232 0.7379807692307693 0.28846153846153844 0.13942307692307693
0 0.38822115384615385 0.6850961538461539 0.0985576923076923 0.4326923076923077
0 0.6658653846153846 0.7247596153846154 0.6538461538461539 0.5456730769230769
0 0.5709134615384616 0.3870192307692308 0.3629807692307692 0.1971153846153846