0 0.2704326923076923 0.12740384615384615 0.24278846153846154 0.0985576923076923
0 0.38100961538461536 0.14543269230769232 0.13701923076923078 0.05048076923076923
0 0.46274038461538464 0.16947115384615385 0.1466346153846154 0.09375
0 0.13221153846153846 0.25961538461538464 0.2644230769230769 0.17307692307692307
0 0.328125 0.2776442307692308 0.41586538461538464 0.19471153846153846
0 0.021634615384615384 0.34615384615384615 0.04326923076923077 0.07211538461538461
0 0.17548076923076922 0.3786057692307692 0.18269230769230768 0.08413461538461539
0 0.04807692307692308 0.04927884615384615 0.09615384615384616 0.055288461538461536
0 0.21514423076923078 0.07572115384615384 0.3173076923076923 0.09375
0 0.43509615384615385 0.08774038461538461 0.1466346153846154 0.07211538461538461
0 0.03245192307692308 0.11057692307692307 0.06490384615384616 0.08173076923076923
0 0.5108173076923077 0.8221153846153846 0.05048076923076923 0.0673076923076923
0 0.3954326923076923 0.8713942307692307 0.2620192307692308 0.15384615384615385
0 0.5 0.90625 0.07211538461538461 0.18269230769230768
0 0.84375 0.8653846153846154 0.27403846153846156 0.2644230769230769
0 0.6814903846153846 0.8834134615384616 0.2860576923076923 0.2283653846153846