0 0.22716346153846154 0.008413461538461538 0.08413461538461539 0.016826923076923076
0 0.31490384615384615 0.007211538461538462 0.13942307692307693 0.014423076923076924
0 0.12980769230769232 0.03245192307692308 0.14423076923076922 0.052884615384615384
0 0.3317307692307692 0.015625 0.1201923076923077 0.03125
0 0.3137019230769231 0.037259615384615384 0.13942307692307693 0.04567307692307692
0 0.1201923076923077 0.06610576923076923 0.12259615384615384 0.05048076923076923
0 0.7223557692307693 0.1935096153846154 0.4879807692307692 0.3870192307692308
0 0.8990384615384616 0.328125 0.1971153846153846 0.43509615384615385
0 0.6887019230769231 0.41947115384615385 0.4206730769230769 0.25240384615384615
0 0.21394230769230768 0.7091346153846154 0.42788461538461536 0.32211538461538464
0 0.6286057692307693 0.8701923076923077 0.3004807692307692 0.2548076923076923
0 0.8653846153846154 0.8774038461538461 0.2644230769230769 0.2403846153846154