0 0.06850961538461539 0.28966346153846156 0.13701923076923078 0.35336538461538464
0 0.2932692307692308 0.33533653846153844 0.36538461538461536 0.2620192307692308
0 0.5757211538461539 0.12379807692307693 0.19471153846153846 0.06971153846153846
0 0.8040865384615384 0.13701923076923078 0.2283653846153846 0.06490384615384616
0 0.5588942307692307 0.2848557692307692 0.16105769230769232 0.2668269230769231
0 0.8088942307692307 0.3016826923076923 0.37740384615384615 0.25721153846153844
0 0.5576923076923077 0.018028846153846152 0.15865384615384615 0.036057692307692304
0 0.7884615384615384 0.03365384615384615 0.32211538461538464 0.0673076923076923
0 0.9471153846153846 0.09254807692307693 0.10096153846153846 0.08413461538461539
0 0.6706730769230769 0.07451923076923077 0.38461538461538464 0.0673076923076923
0 0.19951923076923078 0.78125 0.39903846153846156 0.34134615384615385
0 0.35216346153846156 0.9350961538461539 0.24759615384615385 0.125
0 0.11778846153846154 0.9639423076923077 0.23557692307692307 0.0673076923076923
0 0.23798076923076922 0.7295673076923077 0.47596153846153844 0.2860576923076923
0 0.5516826923076923 0.6322115384615384 0.1466346153846154 0.3269230769230769
0 0.7548076923076923 0.7331730769230769 0.4855769230769231 0.5288461538461539