0 0.04927884615384615 0.2824519230769231 0.0985576923076923 0.05048076923076923
0 0.20072115384615385 0.328125 0.23557692307692307 0.11538461538461539
0 0.09014423076923077 0.35096153846153844 0.18028846153846154 0.10096153846153846
0 0.8485576923076923 0.07451923076923077 0.2980769230769231 0.14903846153846154
0 0.8762019230769231 0.203125 0.24278846153846154 0.12740384615384615
0 0.08653846153846154 0.7391826923076923 0.17307692307692307 0.057692307692307696
0 0.042067307692307696 0.7632211538461539 0.08413461538461539 0.036057692307692304
0 0.328125 0.7680288461538461 0.18509615384615385 0.057692307692307696
0 0.15865384615384615 0.7716346153846154 0.16826923076923078 0.06009615384615385
0 0.08052884615384616 0.796875 0.10096153846153846 0.04326923076923077
0 0.025240384615384616 0.7992788461538461 0.05048076923076923 0.055288461538461536
0 0.38221153846153844 0.8064903846153846 0.1201923076923077 0.0625
0 0.018028846153846152 0.8305288461538461 0.036057692307692304 0.040865384615384616
0 0.0829326923076923 0.8305288461538461 0.11057692307692307 0.028846153846153848
0 0.3629807692307692 0.8365384615384616 0.09615384615384616 0.028846153846153848
0 0.08413461538461539 0.8533653846153846 0.12259615384615384 0.028846153846153848
0 0.01201923076923077 0.8617788461538461 0.02403846153846154 0.040865384615384616
0 0.38221153846153844 0.8629807692307693 0.11057692307692307 0.028846153846153848
0 0.016826923076923076 0.8858173076923077 0.03365384615384615 0.04567307692307692
0 0.4206730769230769 0.8978365384615384 0.09134615384615384 0.11298076923076923
0 0.35697115384615385 0.8990384615384616 0.13942307692307693 0.06009615384615385
0 0.30649038461538464 0.9507211538461539 0.19951923076923078 0.04567307692307692
0 0.7331730769230769 0.5384615384615384 0.5288461538461539 0.15865384615384615
0 0.5504807692307693 0.7524038461538461 0.16346153846153846 0.2548076923076923
0 0.8197115384615384 0.7632211538461539 0.3557692307692308 0.31971153846153844
0 0.7331730769230769 0.9375 0.5288461538461539 0.1201923076923077