0 0.2692307692307692 0.20552884615384615 0.1346153846153846 0.4110576923076923
0 0.13581730769230768 0.25240384615384615 0.27163461538461536 0.5048076923076923
0 0.4891826923076923 0.14182692307692307 0.3004807692307692 0.28365384615384615
0 0.8305288461538461 0.1622596153846154 0.33413461538461536 0.3245192307692308
0 0.7319711538461539 0.1935096153846154 0.21634615384615385 0.1875
0 0.5180288461538461 0.30408653846153844 0.3581730769230769 0.30528846153846156
0 0.21033653846153846 0.7788461538461539 0.1971153846153846 0.11057692307692307
0 0.06850961538461539 0.8112980769230769 0.13701923076923078 0.10817307692307693
0 0.15384615384615385 0.8509615384615384 0.3076923076923077 0.10096153846153846
0 0.06490384615384616 0.9399038461538461 0.12980769230769232 0.11538461538461539
0 0.20673076923076922 0.9194711538461539 0.25961538461538464 0.12740384615384615
0 0.25 0.6538461538461539 0.17307692307692307 0.14903846153846154
0 0.11899038461538461 0.71875 0.23798076923076922 0.14903846153846154
0 0.6887019230769231 0.6262019230769231 0.6177884615384616 0.09375