0 0.0625 0.25 0.125 0.14903846153846154
0 0.25721153846153844 0.3004807692307692 0.2932692307692308 0.14423076923076922
0 0.1935096153846154 0.15384615384615385 0.3870192307692308 0.20192307692307693
0 0.3786057692307692 0.21514423076923078 0.07451923076923077 0.2091346153846154
0 0.8930288461538461 0.2247596153846154 0.2091346153846154 0.15144230769230768
0 0.6923076923076923 0.3137019230769231 0.5480769230769231 0.1658653846153846
0 0.53125 0.04326923076923077 0.22596153846153846 0.08653846153846154
0 0.8052884615384616 0.09014423076923077 0.38461538461538464 0.1658653846153846
0 0.1622596153846154 0.6742788461538461 0.3245192307692308 0.5504807692307693
0 0.33774038461538464 0.7139423076923077 0.15625 0.5673076923076923
0 0.20552884615384615 0.953125 0.4110576923076923 0.0889423076923077
0 0.8449519230769231 0.6826923076923077 0.30528846153846156 0.5576923076923077
0 0.5769230769230769 0.6766826923076923 0.3173076923076923 0.5552884615384616