0 0.20793269230769232 0.14302884615384615 0.41586538461538464 0.2860576923076923
0 0.6634615384615384 0.14302884615384615 0.3629807692307692 0.14182692307692307
0 0.4807692307692308 0.27403846153846156 0.125 0.23557692307692307
0 0.8052884615384616 0.28966346153846156 0.38461538461538464 0.2091346153846154
0 0.5300480769230769 0.3581730769230769 0.22355769230769232 0.11538461538461539
0 0.8389423076923077 0.35697115384615385 0.3173076923076923 0.11778846153846154
0 0.5036057692307693 0.08052884615384616 0.17067307692307693 0.16105769230769232
0 0.6430288461538461 0.04326923076923077 0.3485576923076923 0.08653846153846154
0 0.22235576923076922 0.6286057692307693 0.3870192307692308 0.39663461538461536
0 0.5288461538461539 0.4639423076923077 0.19230769230769232 0.055288461538461536
0 0.8653846153846154 0.4362980769230769 0.2403846153846154 0.036057692307692304
0 0.8629807692307693 0.46875 0.2091346153846154 0.0625
0 0.5817307692307693 0.5072115384615384 0.22596153846153846 0.07211538461538461
0 0.8846153846153846 0.5120192307692307 0.22596153846153846 0.07211538461538461
0 0.5552884615384616 0.5600961538461539 0.22355769230769232 0.06490384615384616
0 0.8882211538461539 0.5637019230769231 0.21875 0.07451923076923077
0 0.6117788461538461 0.609375 0.22596153846153846 0.06490384615384616
0 0.8966346153846154 0.6165865384615384 0.20192307692307693 0.07932692307692307
0 0.5925480769230769 0.6658653846153846 0.24278846153846154 0.07932692307692307