0 0.4230769230769231 0.14423076923076922 0.10576923076923077 0.04807692307692308
0 0.24759615384615385 0.18509615384615385 0.4567307692307692 0.10096153846153846
0 0.23798076923076922 0.2776442307692308 0.47596153846153844 0.11778846153846154
0 0.23798076923076922 0.4014423076923077 0.47596153846153844 0.14423076923076922
0 0.23798076923076922 0.4987980769230769 0.47596153846153844 0.10817307692307693
0 0.21995192307692307 0.6081730769230769 0.43990384615384615 0.13942307692307693
0 0.45552884615384615 0.6237980769230769 0.040865384615384616 0.18509615384615385
0 0.7379807692307693 0.4411057692307692 0.5192307692307693 0.5504807692307693
0 0.2127403846153846 0.8377403846153846 0.4254807692307692 0.2283653846153846
0 0.3317307692307692 0.9423076923076923 0.28846153846153844 0.11057692307692307
0 0.8978365384615384 0.8449519230769231 0.19951923076923078 0.25240384615384615