0 0.07572115384615384 0.17548076923076922 0.15144230769230768 0.0625
0 0.030048076923076924 0.19831730769230768 0.06009615384615385 0.040865384615384616
0 0.30288461538461536 0.20793269230769232 0.18509615384615385 0.0625
0 0.13341346153846154 0.2091346153846154 0.16826923076923078 0.0625
0 0.054086538461538464 0.23317307692307693 0.10096153846153846 0.04567307692307692
0 0.3557692307692308 0.24759615384615385 0.1201923076923077 0.0625
0 0.056490384615384616 0.2668269230769231 0.11057692307692307 0.03125
0 0.33653846153846156 0.2776442307692308 0.09615384615384616 0.03125
0 0.06009615384615385 0.28966346153846156 0.1201923076923077 0.03125
0 0.3545673076923077 0.30408653846153844 0.11298076923076923 0.03125
0 0.3918269230769231 0.34134615384615385 0.09134615384615384 0.11538461538461539
0 0.3293269230769231 0.3401442307692308 0.14182692307692307 0.0625
0 0.2776442307692308 0.390625 0.19951923076923078 0.04807692307692308
0 0.7019230769230769 0.26322115384615385 0.5240384615384616 0.5264423076923077
0 0.21875 0.5973557692307693 0.4375 0.13701923076923078
0 0.21875 0.765625 0.4375 0.25721153846153844
0 0.6887019230769231 0.7572115384615384 0.35336538461538464 0.10096153846153846
0 0.49038461538461536 0.8365384615384616 0.10096153846153846 0.19230769230769232
0 0.8088942307692307 0.9278846153846154 0.37740384615384615 0.13942307692307693
0 0.5336538461538461 0.9483173076923077 0.1875 0.0985576923076923
0 0.53125 0.6237980769230769 0.18269230769230768 0.15144230769230768
0 0.6887019230769231 0.6310096153846154 0.3389423076923077 0.09134615384615384