0 0.2536057692307692 0.2800480769230769 0.5072115384615384 0.5600961538461539
0 0.41586538461538464 0.030048076923076924 0.18269230769230768 0.06009615384615385
0 0.7644230769230769 0.08774038461538461 0.44711538461538464 0.17548076923076922
0 0.6033653846153846 0.23798076923076922 0.16826923076923078 0.22596153846153846
0 0.7908653846153846 0.3605769230769231 0.41346153846153844 0.41346153846153844
0 0.28846153846153844 0.7235576923076923 0.1778846153846154 0.1201923076923077
0 0.10336538461538461 0.7379807692307693 0.20673076923076922 0.16826923076923078
0 0.75 0.6165865384615384 0.4807692307692308 0.09375
0 0.6478365384615384 0.7259615384615384 0.2764423076923077 0.18269230769230768
0 0.8786057692307693 0.7475961538461539 0.23798076923076922 0.20673076923076922
0 0.6225961538461539 0.859375 0.22596153846153846 0.2764423076923077
0 0.875 0.8858173076923077 0.24519230769230768 0.13701923076923078
0 0.8545673076923077 0.9603365384615384 0.2860576923076923 0.07451923076923077