0 0.2848557692307692 0.2920673076923077 0.20432692307692307 0.45913461538461536
0 0.8257211538461539 0.1502403846153846 0.34375 0.14182692307692307
0 0.5673076923076923 0.2644230769230769 0.3004807692307692 0.16105769230769232
0 0.8389423076923077 0.2439903846153846 0.3173076923076923 0.2283653846153846
0 0.43990384615384615 0.34375 0.10096153846153846 0.1201923076923077
0 0.6935096153846154 0.4735576923076923 0.6081730769230769 0.34615384615384615
0 0.7223557692307693 0.5625 0.5504807692307693 0.16826923076923078
0 0.1935096153846154 0.7608173076923077 0.3870192307692308 0.22355769230769232
0 0.2800480769230769 0.8233173076923077 0.21394230769230768 0.3485576923076923
0 0.10817307692307693 0.8966346153846154 0.21634615384615385 0.20192307692307693
0 0.2091346153846154 0.9134615384615384 0.3557692307692308 0.16826923076923078
0 0.8209134615384616 0.7091346153846154 0.35336538461538464 0.1201923076923077
0 0.5276442307692307 0.7536057692307693 0.2764423076923077 0.18028846153846154
0 0.8377403846153846 0.8449519230769231 0.31971153846153844 0.30528846153846156
0 0.5757211538461539 0.8966346153846154 0.37259615384615385 0.20192307692307693
0 0.47475961538461536 0.6995192307692307 0.17067307692307693 0.10096153846153846