0 0.36177884615384615 0.14543269230769232 0.17067307692307693 0.15144230769230768
0 0.15504807692307693 0.12139423076923077 0.31009615384615385 0.13701923076923078
0 0.07572115384615384 0.2091346153846154 0.15144230769230768 0.10576923076923077
0 0.24278846153846154 0.22716346153846154 0.21394230769230768 0.09375
0 0.4026442307692308 0.24639423076923078 0.0889423076923077 0.0985576923076923
0 0.16466346153846154 0.2800480769230769 0.3293269230769231 0.08413461538461539
0 0.3858173076923077 0.31009615384615385 0.12259615384615384 0.09134615384615384
0 0.040865384615384616 0.35216346153846156 0.08173076923076923 0.12259615384615384
0 0.38461538461538464 0.39903846153846156 0.125 0.15384615384615385
0 0.1778846153846154 0.3786057692307692 0.3557692307692308 0.13221153846153846
0 0.7235576923076923 0.18269230769230768 0.5480769230769231 0.36538461538461536
0 0.296875 0.8918269230769231 0.3004807692307692 0.21153846153846154
0 0.8846153846153846 0.5360576923076923 0.22596153846153846 0.11057692307692307
0 0.9651442307692307 0.5649038461538461 0.06490384615384616 0.057692307692307696
0 0.6983173076923077 0.6478365384615384 0.35336538461538464 0.18269230769230768
0 0.8605769230769231 0.6947115384615384 0.27403846153846156 0.21153846153846154
0 0.5480769230769231 0.7175480769230769 0.1971153846153846 0.07692307692307693
0 0.7740384615384616 0.7752403846153846 0.18509615384615385 0.09134615384615384
0 0.8413461538461539 0.5048076923076923 0.3125 0.052884615384615384
0 0.5889423076923077 0.5048076923076923 0.21153846153846154 0.052884615384615384