0 0.25961538461538464 0.17067307692307693 0.3701923076923077 0.3317307692307692
0 0.49038461538461536 0.18389423076923078 0.17307692307692307 0.30528846153846156
0 0.9603365384615384 0.010817307692307692 0.07451923076923077 0.021634615384615384
0 0.9603365384615384 0.028846153846153848 0.07451923076923077 0.052884615384615384
0 0.2283653846153846 0.4338942307692308 0.4567307692307692 0.18990384615384615
0 0.4831730769230769 0.4326923076923077 0.1875 0.1875
0 0.21514423076923078 0.5504807692307693 0.43028846153846156 0.18269230769230768
0 0.2956730769230769 0.5877403846153846 0.5625 0.13701923076923078
0 0.53125 0.625 0.09134615384615384 0.12980769230769232
0 0.24879807692307693 0.6814903846153846 0.49759615384615385 0.17067307692307693
0 0.09975961538461539 0.3737980769230769 0.19951923076923078 0.06971153846153846
0 0.7223557692307693 0.8016826923076923 0.2860576923076923 0.3918269230769231
0 0.6959134615384616 0.41947115384615385 0.23317307692307693 0.16105769230769232