0 0.31490384615384615 0.3557692307692308 0.24519230769230768 0.3269230769230769
0 0.09735576923076923 0.359375 0.19471153846153846 0.3004807692307692
0 0.2764423076923077 0.057692307692307696 0.32211538461538464 0.11538461538461539
0 0.09254807692307693 0.13341346153846154 0.18509615384615385 0.10817307692307693
0 0.3016826923076923 0.140625 0.27163461538461536 0.08413461538461539
0 0.8076923076923077 0.4338942307692308 0.3798076923076923 0.2668269230769231
0 0.7584134615384616 0.171875 0.47836538461538464 0.34375
0 0.04927884615384615 0.9122596153846154 0.0985576923076923 0.08413461538461539
0 0.3401442307692308 0.9362980769230769 0.19471153846153846 0.07451923076923077
0 0.03245192307692308 0.9399038461538461 0.06490384615384616 0.052884615384615384
0 0.21394230769230768 0.9483173076923077 0.25240384615384615 0.08173076923076923
0 0.8617788461538461 0.7668269230769231 0.27163461538461536 0.3942307692307692
0 0.6334134615384616 0.7836538461538461 0.3870192307692308 0.42788461538461536