0 0.8112980769230769 0.01201923076923077 0.3245192307692308 0.02403846153846154
0 0.8353365384615384 0.036057692307692304 0.24759615384615385 0.07211538461538461
0 0.6862980769230769 0.06971153846153846 0.07451923076923077 0.0625
0 0.859375 0.0733173076923077 0.2764423076923077 0.0889423076923077
0 0.6838942307692307 0.1141826923076923 0.06971153846153846 0.07932692307692307
0 0.8557692307692307 0.13581730769230768 0.2668269230769231 0.10096153846153846
0 0.6995192307692307 0.17548076923076922 0.10096153846153846 0.08173076923076923
0 0.6838942307692307 0.2800480769230769 0.06971153846153846 0.10336538461538461
0 0.8509615384615384 0.25600961538461536 0.2956730769230769 0.09134615384615384
0 0.32211538461538464 0.47475961538461536 0.6442307692307693 0.09375
0 0.3233173076923077 0.7127403846153846 0.6466346153846154 0.5697115384615384
0 0.8557692307692307 0.7259615384615384 0.28365384615384615 0.4807692307692308