0 0.5192307692307693 0.2956730769230769 0.21634615384615385 0.5913461538461539
0 0.28725961538461536 0.36778846153846156 0.53125 0.47596153846153844
0 0.8004807692307693 0.36538461538461536 0.34134615384615385 0.4807692307692308
0 0.3269230769230769 0.6274038461538461 0.17307692307692307 0.038461538461538464
0 0.5120192307692307 0.6574519230769231 0.23076923076923078 0.0985576923076923
0 0.17548076923076922 0.7007211538461539 0.35096153846153844 0.18509615384615385
0 0.4651442307692308 0.7163461538461539 0.3245192307692308 0.15865384615384615
0 0.11899038461538461 0.7896634615384616 0.23798076923076922 0.13221153846153846
0 0.12259615384615384 0.8605769230769231 0.24519230769230768 0.1201923076923077
0 0.4495192307692308 0.828125 0.3557692307692308 0.18509615384615385
0 0.09975961538461539 0.9423076923076923 0.19951923076923078 0.11057692307692307
0 0.41225961538461536 0.9711538461538461 0.2764423076923077 0.052884615384615384
0 0.6971153846153846 0.8233173076923077 0.1346153846153846 0.3485576923076923
0 0.8533653846153846 0.8725961538461539 0.28846153846153844 0.25