0 0.039663461538461536 0.05889423076923077 0.07932692307692307 0.11778846153846154
0 0.10336538461538461 0.203125 0.20673076923076922 0.18990384615384615
0 0.2824519230769231 0.22115384615384615 0.24759615384615385 0.2932692307692308
0 0.203125 0.3701923076923077 0.40625 0.15384615384615385
0 0.234375 0.06129807692307692 0.31971153846153844 0.12259615384615384
0 0.5733173076923077 0.16346153846153846 0.3293269230769231 0.3269230769230769
0 0.7920673076923077 0.19110576923076922 0.12980769230769232 0.22115384615384615
0 0.8449519230769231 0.36658653846153844 0.3004807692307692 0.16105769230769232
0 0.5576923076923077 0.3473557692307692 0.2980769230769231 0.19951923076923078
0 0.2776442307692308 0.8533653846153846 0.25721153846153844 0.28846153846153844
0 0.17548076923076922 0.8858173076923077 0.35096153846153844 0.22355769230769232
0 0.7355769230769231 0.7307692307692307 0.44711538461538464 0.21394230769230768
0 0.703125 0.9110576923076923 0.5889423076923077 0.17307692307692307
0 0.49399038461538464 0.5889423076923077 0.17067307692307693 0.27884615384615385