0 0.24278846153846154 0.22115384615384615 0.24519230769230768 0.10576923076923077
0 0.234375 0.2980769230769231 0.2620192307692308 0.10576923076923077
0 0.23197115384615385 0.38221153846153844 0.2668269230769231 0.11538461538461539
0 0.23677884615384615 0.46274038461538464 0.25721153846153844 0.10817307692307693
0 0.22115384615384615 0.5492788461538461 0.28846153846153844 0.14182692307692307
0 0.25961538461538464 0.13581730769230768 0.21153846153846154 0.10336538461538461
0 0.7451923076923077 0.15264423076923078 0.5048076923076923 0.30528846153846156
0 0.703125 0.3713942307692308 0.5889423076923077 0.31971153846153844
0 0.24278846153846154 0.6959134615384616 0.24519230769230768 0.036057692307692304
0 0.06490384615384616 0.7043269230769231 0.12980769230769232 0.052884615384615384
0 0.08052884615384616 0.7379807692307693 0.16105769230769232 0.09615384615384616
0 0.25841346153846156 0.8401442307692307 0.21394230769230768 0.29086538461538464
0 0.1310096153846154 0.8185096153846154 0.2620192307692308 0.18509615384615385
0 0.14302884615384615 0.9122596153846154 0.2860576923076923 0.17067307692307693
0 0.8209134615384616 0.7800480769230769 0.35336538461538464 0.20432692307692307
0 0.6826923076923077 0.8389423076923077 0.6298076923076923 0.32211538461538464
0 0.8233173076923077 0.9302884615384616 0.3485576923076923 0.1346153846153846