0 0.12620192307692307 0.21514423076923078 0.25240384615384615 0.43028846153846156
0 0.2692307692307692 0.30528846153846156 0.3125 0.3942307692307692
0 0.1935096153846154 0.453125 0.3870192307692308 0.1466346153846154
0 0.5036057692307693 0.17548076923076922 0.15144230769230768 0.35096153846153844
0 0.9074519230769231 0.2644230769230769 0.18028846153846154 0.3701923076923077
0 0.6802884615384616 0.22355769230769232 0.3605769230769231 0.34134615384615385
0 0.5432692307692307 0.4050480769230769 0.23076923076923078 0.24278846153846154
0 0.7932692307692307 0.4519230769230769 0.40865384615384615 0.14903846153846154
0 0.5480769230769231 0.015625 0.2403846153846154 0.03125
0 0.7536057692307693 0.037259615384615384 0.23317307692307693 0.07451923076923077
0 0.9182692307692307 0.056490384615384616 0.15865384615384615 0.11298076923076923
0 0.2127403846153846 0.7043269230769231 0.4254807692307692 0.35096153846153844
0 0.8834134615384616 0.7872596153846154 0.2283653846153846 0.09375
0 0.7163461538461539 0.8834134615384616 0.5625 0.2283653846153846