0 0.22355769230769232 0.13341346153846154 0.44711538461538464 0.2668269230769231
0 0.21995192307692307 0.25721153846153844 0.43990384615384615 0.1971153846153846
0 0.7800480769230769 0.1778846153846154 0.43509615384615385 0.3557692307692308
0 0.7475961538461539 0.3076923076923077 0.5 0.09615384615384616
0 0.19110576923076922 0.5733173076923077 0.38221153846153844 0.38221153846153844
0 0.7331730769230769 0.43149038461538464 0.5288461538461539 0.1466346153846154
0 0.5913461538461539 0.4879807692307692 0.28365384615384615 0.16826923076923078
0 0.8365384615384616 0.4963942307692308 0.32211538461538464 0.2764423076923077
0 0.4963942307692308 0.6286057692307693 0.09375 0.21394230769230768
0 0.7379807692307693 0.6213942307692307 0.46875 0.23557692307692307
0 0.7524038461538461 0.7584134615384616 0.49038461538461536 0.17548076923076922
0 0.7355769230769231 0.8870192307692307 0.5240384615384616 0.22115384615384615