0 0.07932692307692307 0.06971153846153846 0.15865384615384615 0.11057692307692307
0 0.38822115384615385 0.27403846153846156 0.5697115384615384 0.5480769230769231
0 0.5757211538461539 0.41225961538461536 0.2620192307692308 0.5793269230769231
0 0.890625 0.42427884615384615 0.21394230769230768 0.08413461538461539
0 0.7920673076923077 0.5024038461538461 0.1658653846153846 0.2403846153846154
0 0.8942307692307693 0.578125 0.20673076923076922 0.2283653846153846
0 0.8125 0.65625 0.20673076923076922 0.1346153846153846
0 0.7475961538461539 0.6754807692307693 0.07692307692307693 0.14423076923076922
0 0.48197115384615385 0.8665865384615384 0.4495192307692308 0.17548076923076922
0 0.39663461538461536 0.8882211538461539 0.6201923076923077 0.21875
0 0.8533653846153846 0.8882211538461539 0.28846153846153844 0.21875