0 0.0625 0.3269230769230769 0.125 0.13942307692307693
0 0.2644230769230769 0.3329326923076923 0.28846153846153844 0.1346153846153846
0 0.41225961538461536 0.41947115384615385 0.17067307692307693 0.13221153846153846
0 0.18629807692307693 0.2091346153846154 0.37259615384615385 0.18269230769230768
0 0.4170673076923077 0.20793269230769232 0.16105769230769232 0.19471153846153846
0 0.8257211538461539 0.018028846153846152 0.27163461538461536 0.036057692307692304
0 0.7487980769230769 0.24879807692307693 0.49759615384615385 0.4735576923076923
0 0.32572115384615385 0.7415865384615384 0.34375 0.5072115384615384
0 0.10576923076923077 0.7355769230769231 0.21153846153846154 0.4951923076923077
0 0.5925480769230769 0.5324519230769231 0.18509615384615385 0.0889423076923077
0 0.5913461538461539 0.59375 0.17067307692307693 0.07211538461538461
0 0.5264423076923077 0.6045673076923077 0.052884615384615384 0.07932692307692307
0 0.8137019230769231 0.6310096153846154 0.36778846153846156 0.17548076923076922
0 0.515625 0.6802884615384616 0.03125 0.09134615384615384
0 0.5588942307692307 0.7451923076923077 0.11778846153846154 0.08653846153846154