0 0.12620192307692307 0.22115384615384615 0.25240384615384615 0.28846153846153844
0 0.36778846153846156 0.38100961538461536 0.47596153846153844 0.37259615384615385
0 0.13581730769230768 0.4230769230769231 0.27163461538461536 0.3076923076923077
0 0.859375 0.2548076923076923 0.2764423076923077 0.5096153846153846
0 0.35336538461538464 0.6646634615384616 0.19230769230769232 0.052884615384615384
0 0.08413461538461539 0.6995192307692307 0.16826923076923078 0.052884615384615384
0 0.40625 0.7091346153846154 0.22596153846153846 0.0673076923076923
0 0.0673076923076923 0.7860576923076923 0.1346153846153846 0.11057692307692307
0 0.3786057692307692 0.7608173076923077 0.22355769230769232 0.06009615384615385
0 0.4338942307692308 0.8100961538461539 0.22596153846153846 0.06009615384615385
0 0.1201923076923077 0.8521634615384616 0.2403846153846154 0.07451923076923077
0 0.41346153846153844 0.8665865384615384 0.24278846153846154 0.07451923076923077
0 0.8629807692307693 0.7884615384615384 0.2692307692307692 0.4182692307692308
0 0.7079326923076923 0.7704326923076923 0.19951923076923078 0.38221153846153844