0 0.0985576923076923 0.28846153846153844 0.1971153846153846 0.28846153846153844
0 0.30528846153846156 0.375 0.27163461538461536 0.125
0 0.11658653846153846 0.5024038461538461 0.23317307692307693 0.2692307692307692
0 0.35216346153846156 0.5180288461538461 0.40625 0.23798076923076922
0 0.8257211538461539 0.36778846153846156 0.34375 0.14903846153846154
0 0.8245192307692307 0.47716346153846156 0.3125 0.22355769230769232
0 0.8641826923076923 0.5420673076923077 0.2668269230769231 0.18990384615384615
0 0.38461538461538464 0.7716346153846154 0.34134615384615385 0.2644230769230769
0 0.12980769230769232 0.7776442307692307 0.25961538461538464 0.2764423076923077
0 0.2776442307692308 0.9254807692307693 0.5552884615384616 0.14423076923076922
0 0.7944711538461539 0.9555288461538461 0.40625 0.08413461538461539