0 0.2439903846153846 0.06009615384615385 0.44471153846153844 0.1201923076923077
0 0.828125 0.026442307692307692 0.21394230769230768 0.052884615384615384
0 0.828125 0.07091346153846154 0.22115384615384615 0.06971153846153846
0 0.8365384615384616 0.13701923076923078 0.14423076923076922 0.0673076923076923
0 0.5961538461538461 0.203125 0.22596153846153846 0.10336538461538461
0 0.14182692307692307 0.5805288461538461 0.28365384615384615 0.22355769230769232
0 0.6189903846153846 0.6706730769230769 0.2644230769230769 0.08653846153846154
0 0.8052884615384616 0.6622596153846154 0.2764423076923077 0.07451923076923077
0 0.9603365384615384 0.671875 0.07451923076923077 0.055288461538461536
0 0.6334134615384616 0.7367788461538461 0.3293269230769231 0.10817307692307693
0 0.9002403846153846 0.7295673076923077 0.19471153846153846 0.11778846153846154
0 0.6081730769230769 0.8100961538461539 0.17548076923076922 0.07451923076923077
0 0.7848557692307693 0.8028846153846154 0.23798076923076922 0.07211538461538461
0 0.9555288461538461 0.7932692307692307 0.08413461538461539 0.052884615384615384
0 0.5817307692307693 0.8798076923076923 0.17548076923076922 0.057692307692307696