0 0.24879807692307693 0.019230769230769232 0.18028846153846154 0.038461538461538464
0 0.08052884615384616 0.026442307692307692 0.16105769230769232 0.052884615384615384
0 0.4326923076923077 0.026442307692307692 0.13701923076923078 0.052884615384615384
0 0.03365384615384615 0.046875 0.0673076923076923 0.055288461538461536
0 0.296875 0.04567307692307692 0.11057692307692307 0.06971153846153846
0 0.43028846153846156 0.06129807692307692 0.12259615384615384 0.03365384615384615
0 0.03245192307692308 0.078125 0.06490384615384616 0.036057692307692304
0 0.28365384615384615 0.07572115384615384 0.10096153846153846 0.026442307692307692
0 0.41586538461538464 0.08173076923076923 0.09134615384615384 0.028846153846153848
0 0.484375 0.07932692307692307 0.06490384615384616 0.052884615384615384
0 0.030048076923076924 0.10216346153846154 0.06009615384615385 0.036057692307692304
0 0.30288461538461536 0.10096153846153846 0.10817307692307693 0.03125
0 0.39302884615384615 0.13341346153846154 0.1971153846153846 0.10096153846153846
0 0.2764423076923077 0.13822115384615385 0.15144230769230768 0.06490384615384616
0 0.4831730769230769 0.1502403846153846 0.0673076923076923 0.12259615384615384
0 0.25 0.18629807692307693 0.1778846153846154 0.06490384615384616
0 0.45552884615384615 0.2091346153846154 0.12259615384615384 0.08653846153846154
0 0.703125 0.057692307692307696 0.36778846153846156 0.11538461538461539
0 0.46033653846153844 0.6189903846153846 0.11298076923076923 0.25240384615384615
0 0.27283653846153844 0.8401442307692307 0.4879807692307692 0.31490384615384615
0 0.6923076923076923 0.5408653846153846 0.34615384615384615 0.34615384615384615
0 0.9146634615384616 0.5564903846153846 0.13942307692307693 0.22596153846153846
0 0.9098557692307693 0.7463942307692307 0.17548076923076922 0.20432692307692307
0 0.6814903846153846 0.7956730769230769 0.3245192307692308 0.3605769230769231