0 0.2800480769230769 0.30649038461538464 0.25240384615384615 0.4495192307692308
0 0.07572115384615384 0.5084134615384616 0.15144230769230768 0.3581730769230769
0 0.203125 0.578125 0.40625 0.21875
0 0.11538461538461539 0.18990384615384615 0.23076923076923078 0.3798076923076923
0 0.5324519230769231 0.359375 0.19951923076923078 0.16346153846153846
0 0.6947115384615384 0.41346153846153844 0.28125 0.18269230769230768
0 0.203125 0.7223557692307693 0.40625 0.06490384615384616
0 0.33533653846153844 0.78125 0.14182692307692307 0.1346153846153846
0 0.14543269230769232 0.7632211538461539 0.29086538461538464 0.1466346153846154
0 0.36177884615384615 0.8461538461538461 0.0889423076923077 0.12980769230769232
0 0.5024038461538461 0.7704326923076923 0.1875 0.09375
0 0.6538461538461539 0.8245192307692307 0.18509615384615385 0.09134615384615384
0 0.5132211538461539 0.8401442307692307 0.2091346153846154 0.0889423076923077
0 0.4567307692307692 0.8653846153846154 0.09615384615384616 0.07692307692307693
0 0.5516826923076923 0.9302884615384616 0.20673076923076922 0.10096153846153846
0 0.5516826923076923 0.9747596153846154 0.17548076923076922 0.04567307692307692
0 0.46274038461538464 0.9699519230769231 0.10817307692307693 0.055288461538461536