0 0.30528846153846156 0.3858173076923077 0.4230769230769231 0.19951923076923078
0 0.11899038461538461 0.38221153846153844 0.23798076923076922 0.20673076923076922
0 0.9182692307692307 0.18990384615384615 0.15865384615384615 0.15865384615384615
0 0.5564903846153846 0.1310096153846154 0.07451923076923077 0.12740384615384615
0 0.7139423076923077 0.16826923076923078 0.2764423076923077 0.17307692307692307
0 0.6526442307692307 0.018028846153846152 0.2668269230769231 0.036057692307692304
0 0.8954326923076923 0.34975961538461536 0.20432692307692307 0.27163461538461536
0 0.6911057692307693 0.33653846153846156 0.34375 0.2980769230769231
0 0.8798076923076923 0.09615384615384616 0.23557692307692307 0.19230769230769232
0 0.6490384615384616 0.05889423076923077 0.25961538461538464 0.11778846153846154
0 0.3581730769230769 0.8846153846153846 0.3173076923076923 0.22596153846153846
0 0.8161057692307693 0.5865384615384616 0.35096153846153844 0.15865384615384615
0 0.5637019230769231 0.7319711538461539 0.0889423076923077 0.2668269230769231
0 0.7920673076923077 0.796875 0.4110576923076923 0.4014423076923077