0 0.26322115384615385 0.27283653846153844 0.5264423076923077 0.5456730769230769
0 0.9230769230769231 0.13942307692307693 0.14903846153846154 0.18269230769230768
0 0.7007211538461539 0.1201923076923077 0.34375 0.1875
0 0.8377403846153846 0.2536057692307692 0.31971153846153844 0.18509615384615385
0 0.6274038461538461 0.23076923076923078 0.1971153846153846 0.15865384615384615
0 0.9290865384615384 0.35336538461538464 0.13701923076923078 0.1778846153846154
0 0.8269230769230769 0.4423076923076923 0.34134615384615385 0.20673076923076922
0 0.5985576923076923 0.39783653846153844 0.13942307692307693 0.13221153846153846
0 0.7115384615384616 0.48197115384615385 0.36538461538461536 0.12740384615384615
0 0.8317307692307693 0.078125 0.3317307692307692 0.15625
0 0.5973557692307693 0.055288461538461536 0.13701923076923078 0.11057692307692307
0 0.265625 0.7560096153846154 0.5216346153846154 0.41586538461538464
0 0.4362980769230769 0.9098557692307693 0.18028846153846154 0.17548076923076922
0 0.7391826923076923 0.7728365384615384 0.4206730769230769 0.4495192307692308