0 0.1778846153846154 0.10096153846153846 0.3557692307692308 0.1201923076923077
0 0.2692307692307692 0.28365384615384615 0.3557692307692308 0.1778846153846154
0 0.051682692307692304 0.30528846153846156 0.10336538461538461 0.18269230769230768
0 0.28846153846153844 0.41466346153846156 0.3173076923076923 0.18509615384615385
0 0.1814903846153846 0.015625 0.34375 0.03125
0 0.8028846153846154 0.2548076923076923 0.3894230769230769 0.5096153846153846
0 0.7235576923076923 0.35216346153846156 0.5480769230769231 0.31009615384615385
0 0.24759615384615385 0.8245192307692307 0.39903846153846156 0.34615384615384615
0 0.8894230769230769 0.6766826923076923 0.21634615384615385 0.24759615384615385
0 0.8173076923076923 0.8713942307692307 0.3605769230769231 0.25240384615384615
0 0.7319711538461539 0.5865384615384616 0.2956730769230769 0.15384615384615385