0 0.28365384615384615 0.2620192307692308 0.5673076923076923 0.21153846153846154
0 0.8028846153846154 0.23677884615384615 0.3894230769230769 0.3389423076923077
0 0.7211538461538461 0.27884615384615385 0.22596153846153846 0.2548076923076923
0 0.1502403846153846 0.8629807692307693 0.3004807692307692 0.2692307692307692
0 0.4362980769230769 0.8341346153846154 0.3389423076923077 0.3269230769230769
0 0.06490384615384616 0.5420673076923077 0.12980769230769232 0.20432692307692307
0 0.875 0.5252403846153846 0.24519230769230768 0.0889423076923077
0 0.9651442307692307 0.5168269230769231 0.06490384615384616 0.07692307692307693
0 0.8605769230769231 0.5901442307692307 0.27403846153846156 0.10817307692307693
0 0.875 0.6634615384615384 0.17548076923076922 0.07451923076923077
0 0.9651442307692307 0.6574519230769231 0.06490384615384616 0.07451923076923077
0 0.8485576923076923 0.7331730769230769 0.17548076923076922 0.057692307692307696
0 0.8028846153846154 0.9543269230769231 0.3894230769230769 0.08653846153846154