0 0.21394230769230768 0.35096153846153844 0.15384615384615385 0.052884615384615384
0 0.06009615384615385 0.38461538461538464 0.1201923076923077 0.14903846153846154
0 0.3954326923076923 0.3918269230769231 0.2403846153846154 0.12259615384615384
0 0.20552884615384615 0.4206730769230769 0.34134615384615385 0.11057692307692307
0 0.7487980769230769 0.16706730769230768 0.21875 0.14182692307692307
0 0.6875 0.4050480769230769 0.09615384615384616 0.19951923076923078
0 0.8822115384615384 0.4206730769230769 0.23076923076923078 0.3894230769230769
0 0.16105769230769232 0.6658653846153846 0.32211538461538464 0.09615384615384616
0 0.45072115384615385 0.7223557692307693 0.3293269230769231 0.2091346153846154
0 0.17668269230769232 0.8377403846153846 0.35336538461538464 0.31971153846153844
0 0.8185096153846154 0.7512019230769231 0.3581730769230769 0.2668269230769231